#format table ## [Custom WaveView] saved 00:04:30 Mon May 20 2024
TIME d q 
 0.000E+00  3.285E-09  3.285E-09 
 1.000E-12  3.239E-05  3.325E-09 
 2.000E-12  5.900E-05  3.341E-09 
 5.200E-12  1.282E-04  3.329E-09 
 1.544E-11  1.974E-04  3.203E-09 
 4.821E-11  8.892E-05  3.362E-09 
 1.003E-10  3.623E-06  3.249E-09 
 1.626E-10  1.747E-05  3.291E-09 
 2.454E-10  1.257E-05  3.313E-09 
 3.878E-10 -1.627E-04  3.261E-09 
 5.073E-10 -3.637E-03  3.930E-09 
 5.599E-10 -1.170E-02  4.756E-09 
 5.989E-10  4.225E-03  6.222E-09 
 6.252E-10  1.506E-01  7.485E-09 
 6.516E-10  4.062E-01  8.971E-09 
 6.711E-10  7.211E-01  3.081E-09 
 6.970E-10  1.182E+00  6.823E-09 
 7.008E-10  1.246E+00  1.491E-08 
 7.097E-10  1.379E+00  4.056E-08 
 7.283E-10  1.567E+00  6.440E-08 
 7.483E-10  1.677E+00  4.387E-08 
 7.674E-10  1.734E+00  3.155E-08 
 7.894E-10  1.769E+00  5.146E-08 
 8.150E-10  1.787E+00  7.808E-08 
 8.455E-10  1.796E+00  1.155E-07 
 8.834E-10  1.799E+00  1.222E-07 
 9.281E-10  1.800E+00 -4.902E-08 
 9.374E-10  1.800E+00 -1.033E-07 
 9.517E-10  1.800E+00 -2.187E-07 
 1.000E-09  1.800E+00 -3.019E-07 
 1.015E-09  1.800E+00 -1.833E-07 
 1.024E-09  1.800E+00 -6.015E-08 
 1.054E-09  1.800E+00  3.001E-07 
 1.075E-09  1.800E+00  2.666E-09 
 1.144E-09  1.800E+00 -3.777E-07 
 1.167E-09  1.800E+00 -1.220E-07 
 1.211E-09  1.800E+00  8.617E-08 
 1.253E-09  1.800E+00  7.611E-08 
 1.313E-09  1.800E+00  1.653E-08 
 1.385E-09  1.800E+00  1.310E-08 
 1.460E-09  1.800E+00 -1.003E-08 
 1.544E-09  1.800E+00 -7.130E-09 
 1.640E-09  1.800E+00 -1.794E-08 
 1.754E-09  1.800E+00 -1.196E-08 
 1.897E-09  1.800E+00 -1.884E-08 
 2.085E-09  1.800E+00 -1.345E-08 
 2.329E-09  1.800E+00 -1.846E-08 
 2.745E-09  1.800E+00 -1.387E-08 
 3.050E-09  1.800E+00 -1.606E-08 
 3.376E-09  1.800E+00 -1.615E-08 
 4.258E-09  1.800E+00 -1.606E-08 
 6.303E-09  1.800E+00 -1.615E-08 
 8.552E-09  1.800E+00 -1.606E-08 
 1.176E-08  1.800E+00 -1.615E-08 
 1.591E-08  1.800E+00 -1.607E-08 
 2.286E-08  1.800E+00 -1.615E-08 
 3.268E-08  1.800E+00 -1.607E-08 
 4.500E-08  1.800E+00 -1.615E-08 
 4.513E-08  1.800E+00  7.631E-10 
 4.519E-08  1.800E+00  5.839E-09 
 4.539E-08  1.800E+00  8.719E-10 
 4.555E-08  1.800E+00  5.440E-09 
 4.559E-08  1.800E+00  9.976E-09 
 4.562E-08  1.800E+00  3.205E-08 
 4.564E-08  1.800E+00  6.686E-08 
 4.567E-08  1.800E+00 -1.599E-07 
 4.569E-08  1.800E+00 -1.352E-06 
 4.571E-08  1.799E+00 -1.731E-06 
 4.573E-08  1.796E+00  4.092E-07 
 4.575E-08  1.794E+00 -4.440E-07 
 4.576E-08  1.794E+00  7.510E-06 
 4.578E-08  1.796E+00  7.332E-06 
 4.579E-08  1.797E+00 -1.291E-07 
 4.582E-08  1.800E+00 -6.170E-06 
 4.583E-08  1.802E+00 -9.421E-06 
 4.585E-08  1.803E+00 -7.143E-06 
 4.587E-08  1.800E+00  7.192E-06 
 4.589E-08  1.798E+00  7.587E-06 
 4.592E-08  1.796E+00  5.816E-07 
 4.594E-08  1.795E+00 -5.519E-07 
 4.596E-08  1.793E+00 -7.154E-07 
 4.598E-08  1.793E+00 -5.889E-07 
 4.600E-08  1.794E+00 -6.010E-07 
 4.601E-08  1.795E+00 -4.765E-07 
 4.602E-08  1.795E+00 -4.490E-07 
 4.603E-08  1.796E+00 -3.477E-07 
 4.604E-08  1.797E+00 -8.168E-08 
 4.606E-08  1.798E+00  3.367E-07 
 4.607E-08  1.798E+00  1.118E-08 
 4.610E-08  1.799E+00 -3.408E-07 
 4.611E-08  1.799E+00 -7.204E-08 
 4.614E-08  1.799E+00  7.315E-08 
 4.617E-08  1.799E+00 -4.705E-09 
 4.620E-08  1.800E+00  1.555E-09 
 4.624E-08  1.800E+00 -1.720E-08 
 4.628E-08  1.800E+00  3.748E-08 
 4.634E-08  1.800E+00 -1.437E-08 
 4.642E-08  1.800E+00  2.019E-08 
 4.654E-08  1.800E+00 -1.230E-08 
 4.675E-08  1.800E+00  1.229E-08 
 4.686E-08  1.800E+00  3.122E-11 
 4.697E-08  1.800E+00 -1.599E-09 
 4.730E-08  1.800E+00 -3.863E-10 
 4.793E-08  1.800E+00 -1.770E-09 
 4.874E-08  1.800E+00 -4.657E-10 
 4.981E-08  1.800E+00 -1.734E-09 
 5.123E-08  1.800E+00 -4.986E-10 
 5.339E-08  1.800E+00 -1.714E-09 
 5.654E-08  1.800E+00 -5.140E-10 
 6.099E-08  1.800E+00 -1.705E-09 
 6.725E-08  1.800E+00 -5.216E-10 
 7.626E-08  1.800E+00 -1.700E-09 
 8.933E-08  1.800E+00 -5.254E-10 
 9.400E-08  1.800E+00 -1.694E-09 
 9.412E-08  1.800E+00  6.570E-09 
 9.416E-08  1.800E+00  1.529E-09 
 9.429E-08  1.800E+00  4.734E-09 
 9.452E-08  1.800E+00  2.028E-09 
 9.463E-08  1.800E+00  4.538E-09 
 9.469E-08  1.800E+00 -1.470E-09 
 9.472E-08  1.800E+00 -2.368E-08 
 9.474E-08  1.800E+00 -5.776E-08 
 9.476E-08  1.800E+00 -9.251E-08 
 9.479E-08  1.800E+00  1.901E-06 
 9.481E-08  1.801E+00  2.670E-06 
 9.482E-08  1.801E+00 -5.250E-07 
 9.484E-08  1.802E+00 -2.896E-06 
 9.486E-08  1.802E+00 -6.121E-06 
 9.486E-08  1.801E+00 -9.017E-06 
 9.487E-08  1.801E+00 -1.157E-05 
 9.489E-08  1.801E+00 -1.834E-05 
 9.490E-08  1.801E+00 -1.882E-05 
 9.493E-08  1.800E+00 -2.069E-07 
 9.495E-08  1.801E+00  5.236E-06 
 9.497E-08  1.801E+00  5.098E-05 
 9.498E-08  1.801E+00  1.116E-04 
 9.500E-08  1.800E+00  3.820E-04 
 9.501E-08  1.800E+00  5.397E-04 
 9.501E-08  1.800E+00  6.734E-04 
 9.503E-08  1.800E+00  9.552E-04 
 9.505E-08  1.800E+00  1.124E-03 
 9.508E-08  1.800E+00 -2.779E-03 
 9.510E-08  1.800E+00 -1.790E-02 
 9.511E-08  1.800E+00 -3.940E-02 
 9.513E-08  1.800E+00 -1.572E-02 
 9.514E-08  1.800E+00  1.837E-01 
 9.516E-08  1.800E+00  5.540E-01 
 9.517E-08  1.800E+00  9.648E-01 
 9.518E-08  1.800E+00  1.394E+00 
 9.519E-08  1.800E+00  1.556E+00 
 9.521E-08  1.800E+00  1.674E+00 
 9.522E-08  1.800E+00  1.730E+00 
 9.523E-08  1.800E+00  1.753E+00 
 9.524E-08  1.800E+00  1.767E+00 
 9.524E-08  1.800E+00  1.776E+00 
 9.525E-08  1.800E+00  1.781E+00 
 9.526E-08  1.800E+00  1.791E+00 
 9.527E-08  1.800E+00  1.793E+00 
 9.527E-08  1.800E+00  1.795E+00 
 9.528E-08  1.800E+00  1.797E+00 
 9.531E-08  1.800E+00  1.799E+00 
 9.531E-08  1.800E+00  1.799E+00 
 9.532E-08  1.800E+00  1.799E+00 
 9.534E-08  1.800E+00  1.800E+00 
 9.539E-08  1.800E+00  1.800E+00 
 9.542E-08  1.800E+00  1.800E+00 
 9.546E-08  1.800E+00  1.800E+00 
 9.551E-08  1.800E+00  1.800E+00 
 9.561E-08  1.800E+00  1.800E+00 
 9.577E-08  1.800E+00  1.800E+00 
 9.609E-08  1.800E+00  1.800E+00 
 9.649E-08  1.800E+00  1.800E+00 
 9.704E-08  1.800E+00  1.800E+00 
 9.776E-08  1.800E+00  1.800E+00 
 9.883E-08  1.800E+00  1.800E+00 
 1.004E-07  1.800E+00  1.800E+00 
 1.026E-07  1.800E+00  1.800E+00 
 1.056E-07  1.800E+00  1.800E+00 
 1.100E-07  1.800E+00  1.800E+00 
 1.163E-07  1.800E+00  1.800E+00 
 1.253E-07  1.800E+00  1.800E+00 
 1.383E-07  1.800E+00  1.800E+00 
 1.450E-07  1.800E+00  1.800E+00 
 1.451E-07  1.800E+00  1.800E+00 
 1.452E-07  1.800E+00  1.800E+00 
 1.453E-07  1.800E+00  1.800E+00 
 1.454E-07  1.800E+00  1.800E+00 
 1.454E-07  1.800E+00  1.800E+00 
 1.455E-07  1.800E+00  1.800E+00 
 1.455E-07  1.800E+00  1.800E+00 
 1.456E-07  1.800E+00  1.800E+00 
 1.456E-07  1.800E+00  1.800E+00 
 1.456E-07  1.800E+00  1.800E+00 
 1.456E-07  1.800E+00  1.800E+00 
 1.457E-07  1.800E+00  1.800E+00 
 1.457E-07  1.800E+00  1.800E+00 
 1.457E-07  1.800E+00  1.800E+00 
 1.457E-07  1.799E+00  1.800E+00 
 1.457E-07  1.799E+00  1.800E+00 
 1.458E-07  1.798E+00  1.800E+00 
 1.458E-07  1.798E+00  1.800E+00 
 1.458E-07  1.798E+00  1.800E+00 
 1.458E-07  1.799E+00  1.800E+00 
 1.458E-07  1.799E+00  1.800E+00 
 1.458E-07  1.800E+00  1.800E+00 
 1.458E-07  1.800E+00  1.800E+00 
 1.459E-07  1.800E+00  1.800E+00 
 1.459E-07  1.800E+00  1.800E+00 
 1.459E-07  1.800E+00  1.800E+00 
 1.459E-07  1.800E+00  1.800E+00 
 1.459E-07  1.800E+00  1.800E+00 
 1.460E-07  1.800E+00  1.800E+00 
 1.460E-07  1.800E+00  1.800E+00 
 1.460E-07  1.800E+00  1.800E+00 
 1.460E-07  1.800E+00  1.800E+00 
 1.460E-07  1.800E+00  1.800E+00 
 1.460E-07  1.800E+00  1.800E+00 
 1.461E-07  1.800E+00  1.800E+00 
 1.461E-07  1.800E+00  1.800E+00 
 1.463E-07  1.800E+00  1.800E+00 
 1.464E-07  1.800E+00  1.800E+00 
 1.466E-07  1.800E+00  1.800E+00 
 1.468E-07  1.800E+00  1.800E+00 
 1.472E-07  1.800E+00  1.800E+00 
 1.477E-07  1.800E+00  1.800E+00 
 1.483E-07  1.800E+00  1.800E+00 
 1.490E-07  1.800E+00  1.800E+00 
 1.490E-07  1.800E+00  1.800E+00 
 1.491E-07  1.800E+00  1.800E+00 
 1.491E-07  1.800E+00  1.800E+00 
 1.492E-07  1.800E+00  1.800E+00 
 1.494E-07  1.800E+00  1.800E+00 
 1.494E-07  1.801E+00  1.800E+00 
 1.496E-07  1.808E+00  1.800E+00 
 1.496E-07  1.820E+00  1.800E+00 
 1.497E-07  1.834E+00  1.800E+00 
 1.497E-07  1.721E+00  1.800E+00 
 1.497E-07  1.371E+00  1.800E+00 
 1.498E-07  9.488E-01  1.800E+00 
 1.498E-07  3.248E-01  1.800E+00 
 1.498E-07  9.432E-02  1.800E+00 
 1.498E-07  3.038E-02  1.800E+00 
 1.498E-07  1.181E-02  1.800E+00 
 1.499E-07  6.879E-03  1.800E+00 
 1.499E-07  3.759E-03  1.800E+00 
 1.499E-07  2.313E-03  1.800E+00 
 1.499E-07  1.547E-03  1.800E+00 
 1.500E-07  1.219E-03  1.800E+00 
 1.500E-07  9.289E-04  1.800E+00 
 1.500E-07  9.679E-04  1.800E+00 
 1.500E-07  9.844E-04  1.800E+00 
 1.500E-07  1.094E-03  1.800E+00 
 1.501E-07  1.319E-03  1.800E+00 
 1.501E-07  1.580E-03  1.800E+00 
 1.501E-07  1.586E-03  1.800E+00 
 1.501E-07  1.534E-03  1.800E+00 
 1.501E-07  1.495E-03  1.800E+00 
 1.502E-07  1.466E-03  1.800E+00 
 1.502E-07  1.384E-03  1.800E+00 
 1.502E-07  1.249E-03  1.800E+00 
 1.502E-07  1.029E-03  1.800E+00 
 1.503E-07  7.858E-04  1.800E+00 
 1.503E-07  5.379E-04  1.800E+00 
 1.504E-07  3.259E-04  1.800E+00 
 1.504E-07  1.594E-04  1.800E+00 
 1.505E-07  7.833E-05  1.800E+00 
 1.506E-07  4.903E-05  1.800E+00 
 1.507E-07  3.837E-05  1.800E+00 
 1.508E-07  2.612E-05  1.800E+00 
 1.510E-07  2.731E-05  1.800E+00 
 1.514E-07  2.076E-05  1.800E+00 
 1.516E-07  2.234E-05  1.800E+00 
 1.519E-07  2.166E-05  1.800E+00 
 1.526E-07  2.043E-05  1.800E+00 
 1.541E-07  1.940E-05  1.800E+00 
 1.559E-07  1.888E-05  1.800E+00 
 1.584E-07  1.867E-05  1.800E+00 
 1.617E-07  1.838E-05  1.800E+00 
 1.670E-07  1.831E-05  1.800E+00 
 1.747E-07  1.811E-05  1.800E+00 
 1.857E-07  1.813E-05  1.800E+00 
 1.940E-07  1.801E-05  1.800E+00 
 1.941E-07  8.538E-07  1.800E+00 
 1.942E-07 -2.193E-07  1.800E+00 
 1.943E-07  4.052E-07  1.800E+00 
 1.944E-07  5.773E-09  1.800E+00 
 1.946E-07  2.864E-07  1.800E+00 
 1.946E-07  5.451E-07  1.800E+00 
 1.947E-07 -7.535E-07  1.800E+00 
 1.947E-07 -2.177E-05  1.800E+00 
 1.948E-07 -7.671E-05  1.800E+00 
 1.948E-07  6.110E-06  1.800E+00 
 1.948E-07  1.212E-03  1.800E+00 
 1.948E-07  1.608E-03  1.800E+00 
 1.948E-07  1.423E-03  1.800E+00 
 1.949E-07  6.224E-04  1.800E+00 
 1.949E-07 -1.049E-04  1.800E+00 
 1.949E-07 -1.120E-03  1.800E+00 
 1.949E-07 -1.493E-03  1.800E+00 
 1.949E-07 -1.195E-03  1.800E+00 
 1.950E-07 -8.434E-04  1.800E+00 
 1.950E-07 -4.797E-04  1.800E+00 
 1.950E-07 -4.290E-04  1.800E+00 
 1.950E-07 -3.636E-04  1.800E+00 
 1.950E-07 -2.255E-04  1.800E+00 
 1.950E-07 -1.794E-04  1.800E+00 
 1.950E-07 -1.508E-04  1.800E+00 
 1.950E-07 -1.365E-04  1.800E+00 
 1.950E-07 -1.020E-04  1.800E+00 
 1.951E-07 -5.551E-05  1.800E+00 
 1.951E-07 -2.361E-05  1.800E+00 
 1.952E-07 -1.021E-05  1.800E+00 
 1.952E-07 -1.686E-06  1.799E+00 
 1.952E-07 -1.473E-07  1.799E+00 
 1.952E-07  2.516E-06  1.801E+00 
 1.953E-07  6.324E-06  1.824E+00 
 1.953E-07  9.954E-06  1.859E+00 
 1.953E-07  7.448E-06  1.890E+00 
 1.953E-07 -3.527E-06  1.829E+00 
 1.953E-07 -5.521E-06  1.681E+00 
 1.953E-07 -5.661E-06  1.458E+00 
 1.953E-07 -4.414E-06  9.014E-01 
 1.954E-07 -3.055E-06  2.729E-01 
 1.954E-07 -2.359E-06  1.332E-01 
 1.954E-07 -1.572E-06  5.297E-02 
 1.954E-07 -5.228E-07  1.229E-02 
 1.954E-07  6.406E-07  3.770E-03 
 1.954E-07  8.233E-07  3.586E-03 
 1.954E-07  1.028E-06  3.339E-03 
 1.954E-07  1.557E-06  2.470E-03 
 1.954E-07  1.977E-06  1.508E-03 
 1.954E-07  2.062E-06  1.019E-03 
 1.954E-07  2.152E-06  6.768E-04 
 1.955E-07  2.121E-06  3.844E-04 
 1.955E-07  2.038E-06  2.490E-04 
 1.955E-07  1.886E-06  1.249E-04 
 1.955E-07  1.729E-06  5.705E-05 
 1.955E-07  1.578E-06  1.895E-05 
 1.956E-07  1.474E-06  5.357E-06 
 1.956E-07  1.402E-06  1.370E-06 
 1.957E-07  1.387E-06  7.646E-07 
 1.957E-07  1.370E-06  2.090E-07 
 1.958E-07  1.349E-06  1.011E-07 
 1.960E-07  1.337E-06  1.971E-07 
 1.961E-07  1.337E-06  4.713E-08 
 1.963E-07  1.340E-06  1.847E-07 
 1.966E-07  1.335E-06  5.381E-08 
 1.973E-07  1.341E-06  1.788E-07 
 1.983E-07  1.335E-06  5.598E-08 
 1.996E-07  1.341E-06  1.767E-07 
 2.014E-07  1.335E-06  5.711E-08 
 2.041E-07  1.341E-06  1.757E-07 
 2.080E-07  1.335E-06  5.767E-08 
 2.137E-07  1.341E-06  1.752E-07 
 2.218E-07  1.335E-06  5.793E-08 
 2.335E-07  1.341E-06  1.749E-07 
 2.450E-07  1.335E-06  5.809E-08 
 2.451E-07  1.488E-07  4.095E-08 
 2.452E-07 -6.429E-08 -7.146E-09 
 2.454E-07  5.984E-08  1.377E-08 
 2.455E-07 -1.258E-07 -3.882E-09 
 2.456E-07  6.298E-06  2.199E-08 
 2.456E-07  1.897E-05  3.696E-08 
 2.456E-07  3.791E-05  5.341E-08 
 2.457E-07 -4.049E-05 -3.688E-07 
 2.457E-07 -4.769E-04 -1.687E-06 
 2.457E-07 -9.470E-04 -1.127E-06 
 2.457E-07 -1.587E-03 -1.026E-07 
 2.457E-07 -2.093E-03  1.671E-06 
 2.458E-07 -1.817E-03  4.039E-06 
 2.458E-07 -1.436E-03  6.765E-06 
 2.458E-07  3.680E-04  6.872E-06 
 2.458E-07  1.351E-03  1.138E-06 
 2.458E-07  1.875E-03 -7.412E-06 
 2.458E-07  1.637E-03 -9.925E-06 
 2.458E-07  1.063E-03 -5.636E-06 
 2.459E-07  5.234E-04  9.936E-06 
 2.459E-07  2.332E-04  5.779E-06 
 2.459E-07  4.269E-05 -1.526E-07 
 2.459E-07 -1.330E-05 -7.896E-07 
 2.460E-07 -3.945E-05 -7.981E-07 
 2.460E-07 -4.032E-05 -6.608E-07 
 2.460E-07 -3.972E-05 -4.716E-07 
 2.460E-07 -3.892E-05 -4.379E-07 
 2.460E-07 -3.733E-05 -3.774E-07 
 2.460E-07 -3.610E-05 -3.375E-07 
 2.460E-07 -3.232E-05 -2.465E-07 
 2.461E-07 -2.085E-05 -6.401E-08 
 2.461E-07 -1.169E-05 -1.716E-08 
 2.462E-07 -3.071E-06  1.687E-08 
 2.463E-07 -2.788E-07 -2.139E-09 
 2.465E-07  3.945E-07  1.197E-08 
 2.467E-07  2.609E-07 -1.226E-08 
 2.470E-07  3.950E-07  8.879E-09 
 2.473E-07  2.445E-07 -1.288E-08 
 2.479E-07  3.936E-07  8.086E-09 
 2.487E-07  2.412E-07 -1.266E-08 
 2.499E-07  3.883E-07  7.731E-09 
 2.515E-07  2.350E-07 -1.253E-08 
 2.539E-07  3.792E-07  7.558E-09 
 2.573E-07  2.239E-07 -1.247E-08 
 2.623E-07  3.644E-07  7.475E-09 
 2.694E-07  2.064E-07 -1.244E-08 
 2.797E-07  3.440E-07  7.435E-09 
 2.940E-07  1.851E-07 -1.242E-08 
 2.941E-07  1.285E-07  4.968E-09 
 2.942E-07  2.591E-08  2.517E-09 
 2.944E-07  8.884E-08  3.830E-09 
 2.945E-07  7.440E-08  3.427E-09 
 2.945E-07  2.138E-07  3.802E-09 
 2.946E-07  2.563E-07  2.827E-09 
 2.946E-07  1.916E-07  3.241E-09 
 2.947E-07 -1.766E-07  2.913E-09 
 2.947E-07 -1.295E-05 -1.293E-08 
 2.947E-07 -3.520E-05 -4.060E-08 
 2.948E-07 -6.226E-05 -6.780E-08 
 2.948E-07  5.527E-04  2.266E-06 
 2.948E-07  1.485E-03  1.841E-06 
 2.948E-07  1.543E-03 -1.125E-06 
 2.948E-07  1.146E-03 -2.356E-06 
 2.949E-07  7.557E-04 -1.991E-06 
 2.949E-07 -3.393E-05 -1.819E-06 
 2.949E-07 -1.110E-03 -2.715E-06 
 2.949E-07 -1.809E-03 -4.409E-06 
 2.949E-07 -1.208E-03 -4.925E-06 
 2.950E-07 -7.958E-04  1.325E-05 
 2.950E-07 -4.205E-04  1.451E-05 
 2.950E-07 -2.429E-04  5.979E-06 
 2.950E-07 -1.819E-04 -1.087E-06 
 2.950E-07 -1.539E-04 -2.748E-06 
 2.950E-07 -1.364E-04 -3.565E-06 
 2.950E-07 -1.004E-04 -3.616E-06 
 2.951E-07 -5.335E-05 -1.188E-06 
 2.951E-07 -2.420E-05 -5.248E-08 
 2.952E-07 -4.431E-06  6.016E-08 
 2.952E-07  2.841E-06  4.325E-08 
 2.953E-07  1.634E-06  1.990E-08 
 2.954E-07  3.614E-06 -5.621E-09 
 2.955E-07  2.500E-06 -3.751E-09 
 2.957E-07  3.259E-06 -1.512E-08 
 2.960E-07  2.668E-06 -5.960E-09 
 2.964E-07  3.176E-06 -1.501E-08 
 2.974E-07  2.709E-06 -6.181E-09 
 2.997E-07  3.159E-06 -1.491E-08 
 3.000E-07  2.744E-06 -6.546E-09 
