#format table ## [Custom WaveView] saved 00:06:20 Mon May 20 2024
TIME clk q d 
 0.000E+00  3.285E-09  3.285E-09  3.285E-09 
 1.000E-12  3.285E-09  3.285E-09  3.285E-09 
 2.000E-12  3.285E-09  3.285E-09  3.285E-09 
 5.200E-12  3.285E-09  3.285E-09  3.285E-09 
 1.544E-11  3.285E-09  3.285E-09  3.285E-09 
 4.821E-11  3.285E-09  3.285E-09  3.285E-09 
 1.531E-10  3.285E-09  3.285E-09  3.285E-09 
 4.886E-10  3.285E-09  3.285E-09  3.285E-09 
 1.562E-09  3.285E-09  3.285E-09  3.285E-09 
 4.998E-09  3.285E-09  3.285E-09  3.285E-09 
 1.000E-08  3.285E-09  3.285E-09  3.285E-09 
 1.015E-08  3.391E-09  3.285E-09  5.287E-05 
 1.019E-08 -1.186E-09  3.285E-09  3.400E-05 
 1.032E-08  9.625E-09  3.285E-09 -6.147E-06 
 1.038E-08 -1.037E-08  3.284E-09 -1.364E-04 
 1.050E-08 -1.818E-08  3.315E-09 -3.323E-03 
 1.055E-08 -4.080E-07  3.349E-09 -9.828E-03 
 1.059E-08  1.856E-06  3.444E-09 -6.631E-03 
 1.063E-08  2.747E-05  2.683E-09  2.121E-01 
 1.066E-08  4.379E-05 -2.591E-10  4.891E-01 
 1.068E-08  5.474E-05 -1.290E-08  9.191E-01 
 1.070E-08  7.792E-05  1.831E-08  1.260E+00 
 1.072E-08  3.140E-06  1.400E-08  1.504E+00 
 1.074E-08 -4.819E-05  4.554E-08  1.623E+00 
 1.076E-08 -5.392E-05 -1.789E-08  1.733E+00 
 1.078E-08 -3.977E-05 -6.259E-09  1.763E+00 
 1.081E-08 -2.389E-05 -4.160E-09  1.785E+00 
 1.084E-08 -1.274E-05  9.290E-09  1.794E+00 
 1.087E-08 -3.228E-06  1.407E-08  1.798E+00 
 1.092E-08  3.468E-06  2.669E-08  1.800E+00 
 1.097E-08  1.352E-05  5.568E-08  1.800E+00 
 1.100E-08  2.017E-05  7.202E-08  1.800E+00 
 1.101E-08  2.419E-05  8.554E-08  1.800E+00 
 1.102E-08  2.698E-05  9.060E-08  1.800E+00 
 1.104E-08  3.830E-05  1.158E-07  1.800E+00 
 1.109E-08  6.511E-05  1.188E-07  1.800E+00 
 1.114E-08  5.671E-05 -1.557E-07  1.800E+00 
 1.119E-08  1.578E-05 -3.253E-07  1.800E+00 
 1.123E-08  1.268E-05  7.999E-09  1.800E+00 
 1.127E-08  3.411E-05  2.800E-07  1.800E+00 
 1.130E-08  1.846E-05 -2.999E-07  1.800E+00 
 1.134E-08 -3.757E-05 -2.182E-07  1.800E+00 
 1.137E-08 -4.573E-05 -3.319E-08  1.800E+00 
 1.142E-08 -4.711E-05  6.536E-08  1.800E+00 
 1.148E-08 -3.569E-05  4.514E-08  1.800E+00 
 1.155E-08 -2.441E-05  7.048E-09  1.800E+00 
 1.162E-08 -1.543E-05  4.972E-10  1.800E+00 
 1.170E-08 -9.199E-06 -1.198E-08  1.800E+00 
 1.179E-08 -5.180E-06 -1.329E-08  1.800E+00 
 1.190E-08 -2.855E-06 -1.741E-08  1.800E+00 
 1.203E-08 -1.359E-06 -1.597E-08  1.800E+00 
 1.220E-08 -9.422E-07 -1.821E-08  1.800E+00 
 1.241E-08 -8.266E-07 -1.654E-08  1.800E+00 
 1.275E-08 -6.871E-07 -1.816E-08  1.800E+00 
 1.328E-08 -7.269E-07 -1.665E-08  1.800E+00 
 1.426E-08 -6.407E-07 -1.811E-08  1.800E+00 
 1.558E-08 -7.031E-07 -1.668E-08  1.800E+00 
 1.746E-08 -6.309E-07 -1.809E-08  1.800E+00 
 2.004E-08 -6.991E-07 -1.669E-08  1.800E+00 
 2.388E-08 -6.288E-07 -1.808E-08  1.800E+00 
 2.943E-08 -6.982E-07 -1.670E-08  1.800E+00 
 3.751E-08 -6.284E-07 -1.807E-08  1.800E+00 
 4.500E-08 -6.980E-07 -1.670E-08  1.800E+00 
 4.513E-08  5.913E-05  4.370E-09  1.800E+00 
 4.517E-08  3.196E-05  3.176E-09  1.800E+00 
 4.533E-08 -1.619E-05  3.446E-09  1.800E+00 
 4.540E-08 -2.442E-04  3.337E-09  1.800E+00 
 4.542E-08 -4.653E-04  3.119E-09  1.800E+00 
 4.549E-08 -2.692E-03  3.477E-09  1.800E+00 
 4.553E-08 -6.164E-03  2.370E-09  1.800E+00 
 4.556E-08 -1.198E-02  5.151E-09  1.800E+00 
 4.560E-08  5.116E-03  1.233E-08  1.800E+00 
 4.562E-08  9.900E-02  3.528E-08  1.800E+00 
 4.564E-08  2.505E-01  7.127E-08  1.800E+00 
 4.566E-08  5.354E-01 -1.943E-08  1.800E+00 
 4.569E-08  9.707E-01 -6.254E-07  1.800E+00 
 4.571E-08  1.303E+00 -1.853E-06  1.799E+00 
 4.572E-08  1.489E+00 -7.395E-07  1.798E+00 
 4.574E-08  1.599E+00 -2.792E-07  1.796E+00 
 4.576E-08  1.662E+00  9.767E-07  1.794E+00 
 4.577E-08  1.704E+00  8.705E-06  1.794E+00 
 4.579E-08  1.733E+00  5.825E-06  1.796E+00 
 4.581E-08  1.754E+00 -1.561E-06  1.798E+00 
 4.583E-08  1.775E+00 -6.656E-06  1.800E+00 
 4.584E-08  1.785E+00 -9.299E-06  1.802E+00 
 4.586E-08  1.792E+00 -6.265E-06  1.802E+00 
 4.589E-08  1.795E+00  9.652E-06  1.800E+00 
 4.591E-08  1.797E+00  5.855E-06  1.797E+00 
 4.593E-08  1.799E+00 -1.884E-07  1.795E+00 
 4.595E-08  1.800E+00 -6.833E-07  1.794E+00 
 4.598E-08  1.800E+00 -6.693E-07  1.793E+00 
 4.600E-08  1.800E+00 -6.056E-07  1.793E+00 
 4.600E-08  1.800E+00 -6.234E-07  1.794E+00 
 4.601E-08  1.800E+00 -5.602E-07  1.794E+00 
 4.601E-08  1.800E+00 -5.302E-07  1.795E+00 
 4.603E-08  1.800E+00 -4.559E-07  1.796E+00 
 4.604E-08  1.800E+00 -2.658E-07  1.796E+00 
 4.606E-08  1.800E+00  1.390E-07  1.797E+00 
 4.607E-08  1.800E+00  2.542E-07  1.798E+00 
 4.609E-08  1.800E+00 -2.102E-07  1.798E+00 
 4.611E-08  1.800E+00 -2.582E-07  1.799E+00 
 4.612E-08  1.800E+00 -2.418E-08  1.799E+00 
 4.615E-08  1.800E+00  3.830E-08  1.799E+00 
 4.617E-08  1.800E+00  4.092E-09  1.799E+00 
 4.621E-08  1.800E+00  3.480E-09  1.800E+00 
 4.625E-08  1.800E+00  3.987E-09  1.800E+00 
 4.629E-08  1.800E+00 -8.384E-09  1.800E+00 
 4.635E-08  1.800E+00  3.278E-08  1.800E+00 
 4.643E-08  1.800E+00 -1.463E-08  1.800E+00 
 4.655E-08  1.800E+00  2.031E-08  1.800E+00 
 4.677E-08  1.800E+00 -1.480E-08  1.800E+00 
 4.708E-08  1.800E+00  1.541E-08  1.800E+00 
 4.750E-08  1.800E+00 -1.440E-08  1.800E+00 
 4.807E-08  1.800E+00  1.413E-08  1.800E+00 
 4.886E-08  1.800E+00 -1.385E-08  1.800E+00 
 5.001E-08  1.800E+00  1.350E-08  1.800E+00 
 5.165E-08  1.800E+00 -1.357E-08  1.800E+00 
 5.396E-08  1.800E+00  1.319E-08  1.800E+00 
 5.724E-08  1.800E+00 -1.343E-08  1.800E+00 
 6.194E-08  1.800E+00  1.304E-08  1.800E+00 
 6.871E-08  1.800E+00 -1.336E-08  1.800E+00 
 7.843E-08  1.800E+00  1.296E-08  1.800E+00 
 9.243E-08  1.800E+00 -1.333E-08  1.800E+00 
 9.400E-08  1.800E+00 -2.310E-10  1.800E+00 
 9.403E-08  1.800E+00  1.651E-08  1.800E+00 
 9.406E-08  1.800E+00 -2.976E-09  1.800E+00 
 9.417E-08  1.800E+00  7.677E-09  1.800E+00 
 9.428E-08  1.800E+00 -1.454E-09  1.800E+00 
 9.446E-08  1.801E+00  5.743E-09  1.800E+00 
 9.460E-08  1.816E+00 -5.040E-10  1.800E+00 
 9.466E-08  1.832E+00  4.013E-09  1.800E+00 
 9.471E-08  1.724E+00 -2.233E-08  1.800E+00 
 9.473E-08  1.534E+00 -6.887E-08  1.800E+00 
 9.475E-08  1.264E+00 -1.346E-07  1.800E+00 
 9.477E-08  8.285E-01  5.315E-07  1.800E+00 
 9.480E-08  2.057E-01  2.994E-06  1.801E+00 
 9.481E-08  6.178E-02  1.291E-06  1.801E+00 
 9.483E-08  2.236E-02 -2.012E-06  1.801E+00 
 9.485E-08  1.271E-02 -5.030E-06  1.802E+00 
 9.486E-08  1.130E-02 -1.128E-05  1.801E+00 
 9.489E-08  9.150E-03 -1.786E-05  1.801E+00 
 9.490E-08  8.418E-03 -1.831E-05  1.800E+00 
 9.492E-08  7.400E-03  4.149E-07  1.800E+00 
 9.494E-08  6.191E-03  5.630E-06  1.801E+00 
 9.496E-08  4.906E-03  4.764E-05  1.801E+00 
 9.498E-08  4.593E-03  1.066E-04  1.801E+00 
 9.499E-08  3.580E-03  3.441E-04  1.801E+00 
 9.500E-08  3.175E-03  5.044E-04  1.800E+00 
 9.501E-08  2.735E-03  6.780E-04  1.800E+00 
 9.501E-08  2.507E-03  7.548E-04  1.800E+00 
 9.503E-08  1.840E-03  9.459E-04  1.800E+00 
 9.505E-08  1.328E-03  1.118E-03  1.800E+00 
 9.507E-08  9.014E-04 -2.295E-03  1.800E+00 
 9.509E-08  7.042E-04 -1.611E-02  1.800E+00 
 9.511E-08  5.674E-04 -3.734E-02  1.800E+00 
 9.512E-08  4.547E-04 -3.254E-02  1.800E+00 
 9.514E-08  3.745E-04  1.391E-01  1.800E+00 
 9.515E-08  3.037E-04  4.657E-01  1.800E+00 
 9.516E-08  2.345E-04  8.650E-01  1.800E+00 
 9.518E-08  1.641E-04  1.337E+00  1.800E+00 
 9.519E-08  1.317E-04  1.528E+00  1.800E+00 
 9.520E-08  1.016E-04  1.653E+00  1.800E+00 
 9.521E-08  7.713E-05  1.721E+00  1.800E+00 
 9.523E-08  5.824E-05  1.760E+00  1.800E+00 
 9.523E-08  5.150E-05  1.772E+00  1.800E+00 
 9.524E-08  4.630E-05  1.779E+00  1.800E+00 
 9.525E-08  3.898E-05  1.788E+00  1.800E+00 
 9.526E-08  3.551E-05  1.792E+00  1.800E+00 
 9.527E-08  3.265E-05  1.794E+00  1.800E+00 
 9.528E-08  2.956E-05  1.796E+00  1.800E+00 
 9.529E-08  2.514E-05  1.798E+00  1.800E+00 
 9.530E-08  2.229E-05  1.799E+00  1.800E+00 
 9.532E-08  1.869E-05  1.799E+00  1.800E+00 
 9.534E-08  1.413E-05  1.800E+00  1.800E+00 
 9.537E-08  9.445E-06  1.800E+00  1.800E+00 
 9.538E-08  8.220E-06  1.800E+00  1.800E+00 
 9.540E-08  6.067E-06  1.800E+00  1.800E+00 
 9.544E-08  3.018E-06  1.800E+00  1.800E+00 
 9.556E-08  7.026E-09  1.800E+00  1.800E+00 
 9.564E-08  1.550E-07  1.800E+00  1.800E+00 
 9.577E-08  3.775E-08  1.800E+00  1.800E+00 
 9.603E-08  2.185E-07  1.800E+00  1.800E+00 
 9.645E-08 -3.304E-08  1.800E+00  1.800E+00 
 9.699E-08  2.098E-07  1.800E+00  1.800E+00 
 9.773E-08 -3.197E-08  1.800E+00  1.800E+00 
 9.874E-08  2.036E-07  1.800E+00  1.800E+00 
 1.002E-07 -2.939E-08  1.800E+00  1.800E+00 
 1.024E-07  2.003E-07  1.800E+00  1.800E+00 
 1.054E-07 -2.780E-08  1.800E+00  1.800E+00 
 1.096E-07  1.987E-07  1.800E+00  1.800E+00 
 1.158E-07 -2.693E-08  1.800E+00  1.800E+00 
 1.246E-07  1.980E-07  1.800E+00  1.800E+00 
 1.373E-07 -2.648E-08  1.800E+00  1.800E+00 
 1.450E-07  1.974E-07  1.800E+00  1.800E+00 
 1.451E-07  5.902E-05  1.800E+00  1.800E+00 
 1.452E-07  3.172E-05  1.800E+00  1.800E+00 
 1.453E-07 -1.894E-05  1.800E+00  1.800E+00 
 1.454E-07 -2.539E-04  1.800E+00  1.800E+00 
 1.454E-07 -4.791E-04  1.800E+00  1.800E+00 
 1.455E-07 -2.742E-03  1.800E+00  1.800E+00 
 1.455E-07 -6.218E-03  1.800E+00  1.800E+00 
 1.456E-07 -1.207E-02  1.800E+00  1.800E+00 
 1.456E-07  6.446E-03  1.800E+00  1.800E+00 
 1.456E-07  2.524E-01  1.800E+00  1.800E+00 
 1.457E-07  5.388E-01  1.800E+00  1.800E+00 
 1.457E-07  9.713E-01  1.800E+00  1.800E+00 
 1.457E-07  1.306E+00  1.800E+00  1.800E+00 
 1.457E-07  1.494E+00  1.800E+00  1.799E+00 
 1.457E-07  1.602E+00  1.800E+00  1.799E+00 
 1.458E-07  1.667E+00  1.800E+00  1.798E+00 
 1.458E-07  1.708E+00  1.800E+00  1.798E+00 
 1.458E-07  1.732E+00  1.800E+00  1.798E+00 
 1.458E-07  1.753E+00  1.800E+00  1.799E+00 
 1.458E-07  1.773E+00  1.800E+00  1.799E+00 
 1.458E-07  1.783E+00  1.800E+00  1.800E+00 
 1.459E-07  1.792E+00  1.800E+00  1.800E+00 
 1.459E-07  1.795E+00  1.800E+00  1.800E+00 
 1.459E-07  1.798E+00  1.800E+00  1.800E+00 
 1.459E-07  1.799E+00  1.800E+00  1.800E+00 
 1.459E-07  1.799E+00  1.800E+00  1.800E+00 
 1.459E-07  1.799E+00  1.800E+00  1.800E+00 
 1.460E-07  1.800E+00  1.800E+00  1.800E+00 
 1.460E-07  1.800E+00  1.800E+00  1.800E+00 
 1.460E-07  1.800E+00  1.800E+00  1.800E+00 
 1.460E-07  1.800E+00  1.800E+00  1.800E+00 
 1.460E-07  1.800E+00  1.800E+00  1.800E+00 
 1.461E-07  1.800E+00  1.800E+00  1.800E+00 
 1.462E-07  1.800E+00  1.800E+00  1.800E+00 
 1.463E-07  1.800E+00  1.800E+00  1.800E+00 
 1.464E-07  1.800E+00  1.800E+00  1.800E+00 
 1.466E-07  1.800E+00  1.800E+00  1.800E+00 
 1.469E-07  1.800E+00  1.800E+00  1.800E+00 
 1.473E-07  1.800E+00  1.800E+00  1.800E+00 
 1.478E-07  1.800E+00  1.800E+00  1.800E+00 
 1.485E-07  1.800E+00  1.800E+00  1.800E+00 
 1.495E-07  1.800E+00  1.800E+00  1.800E+00 
 1.510E-07  1.800E+00  1.800E+00  1.800E+00 
 1.530E-07  1.800E+00  1.800E+00  1.800E+00 
 1.560E-07  1.800E+00  1.800E+00  1.800E+00 
 1.590E-07  1.800E+00  1.800E+00  1.800E+00 
 1.591E-07  1.800E+00  1.800E+00  1.800E+00 
 1.592E-07  1.800E+00  1.800E+00  1.800E+00 
 1.593E-07  1.800E+00  1.800E+00  1.800E+00 
 1.595E-07  1.800E+00  1.800E+00  1.801E+00 
 1.596E-07  1.800E+00  1.800E+00  1.818E+00 
 1.597E-07  1.800E+00  1.800E+00  1.832E+00 
 1.597E-07  1.800E+00  1.800E+00  1.655E+00 
 1.597E-07  1.800E+00  1.800E+00  1.458E+00 
 1.598E-07  1.800E+00  1.800E+00  1.194E+00 
 1.598E-07  1.800E+00  1.800E+00  7.345E-01 
 1.598E-07  1.801E+00  1.800E+00  1.647E-01 
 1.598E-07  1.801E+00  1.800E+00  5.354E-02 
 1.598E-07  1.801E+00  1.800E+00  1.630E-02 
 1.598E-07  1.800E+00  1.800E+00  8.175E-03 
 1.599E-07  1.799E+00  1.800E+00  4.788E-03 
 1.599E-07  1.800E+00  1.800E+00  2.737E-03 
 1.599E-07  1.800E+00  1.800E+00  1.778E-03 
 1.599E-07  1.800E+00  1.800E+00  1.326E-03 
 1.600E-07  1.800E+00  1.800E+00  1.010E-03 
 1.600E-07  1.800E+00  1.800E+00  9.078E-04 
 1.600E-07  1.800E+00  1.800E+00  9.632E-04 
 1.600E-07  1.800E+00  1.800E+00  1.010E-03 
 1.600E-07  1.800E+00  1.800E+00  1.045E-03 
 1.600E-07  1.800E+00  1.800E+00  1.208E-03 
 1.601E-07  1.800E+00  1.800E+00  1.509E-03 
 1.601E-07  1.800E+00  1.800E+00  1.591E-03 
 1.601E-07  1.800E+00  1.800E+00  1.557E-03 
 1.601E-07  1.800E+00  1.800E+00  1.496E-03 
 1.602E-07  1.800E+00  1.800E+00  1.467E-03 
 1.602E-07  1.800E+00  1.800E+00  1.407E-03 
 1.602E-07  1.800E+00  1.800E+00  1.295E-03 
 1.602E-07  1.800E+00  1.800E+00  1.096E-03 
 1.602E-07  1.800E+00  1.800E+00  8.564E-04 
 1.603E-07  1.800E+00  1.800E+00  6.069E-04 
 1.603E-07  1.800E+00  1.800E+00  3.842E-04 
 1.604E-07  1.800E+00  1.800E+00  2.036E-04 
 1.605E-07  1.800E+00  1.800E+00  9.961E-05 
 1.605E-07  1.800E+00  1.800E+00  4.612E-05 
 1.606E-07  1.800E+00  1.800E+00  2.923E-05 
 1.608E-07  1.800E+00  1.800E+00  2.222E-05 
 1.609E-07  1.800E+00  1.800E+00  1.607E-05 
 1.612E-07  1.800E+00  1.800E+00  1.608E-05 
 1.617E-07  1.800E+00  1.800E+00  1.171E-05 
 1.625E-07  1.800E+00  1.800E+00  1.282E-05 
 1.636E-07  1.800E+00  1.800E+00  9.495E-06 
 1.651E-07  1.800E+00  1.800E+00  1.146E-05 
 1.673E-07  1.800E+00  1.800E+00  8.604E-06 
 1.704E-07  1.800E+00  1.800E+00  1.083E-05 
 1.750E-07  1.800E+00  1.800E+00  8.179E-06 
 1.816E-07  1.800E+00  1.800E+00  1.053E-05 
 1.910E-07  1.800E+00  1.800E+00  7.986E-06 
 1.940E-07  1.800E+00  1.800E+00  1.043E-05 
 1.941E-07  1.800E+00  1.800E+00  5.612E-07 
 1.942E-07  1.800E+00  1.800E+00  1.002E-07 
 1.943E-07  1.800E+00  1.800E+00  2.403E-07 
 1.945E-07  1.801E+00  1.800E+00  7.116E-08 
 1.946E-07  1.818E+00  1.800E+00  4.030E-07 
 1.947E-07  1.832E+00  1.800E+00 -8.664E-08 
 1.947E-07  1.661E+00  1.800E+00 -1.961E-05 
 1.947E-07  1.464E+00  1.800E+00 -4.593E-05 
 1.948E-07  1.199E+00  1.800E+00 -8.174E-05 
 1.948E-07  7.385E-01  1.800E+00  7.362E-05 
 1.948E-07  9.109E-02  1.800E+00  1.402E-03 
 1.948E-07  3.504E-02  1.800E+00  1.624E-03 
 1.948E-07  1.346E-02  1.800E+00  1.191E-03 
 1.949E-07  1.179E-02  1.800E+00  3.891E-04 
 1.949E-07  9.893E-03  1.800E+00 -4.881E-04 
 1.949E-07  8.847E-03  1.800E+00 -1.289E-03 
 1.949E-07  8.261E-03  1.800E+00 -1.455E-03 
 1.949E-07  7.071E-03  1.800E+00 -1.058E-03 
 1.950E-07  5.836E-03  1.800E+00 -7.272E-04 
 1.950E-07  5.120E-03  1.800E+00 -3.903E-04 
 1.950E-07  4.673E-03  1.800E+00 -2.276E-04 
 1.950E-07  3.970E-03  1.800E+00 -1.660E-04 
 1.950E-07  3.566E-03  1.800E+00 -1.463E-04 
 1.950E-07  3.197E-03  1.800E+00 -1.317E-04 
 1.950E-07  2.165E-03  1.800E+00 -9.942E-05 
 1.951E-07  8.561E-04  1.800E+00 -5.175E-05 
 1.951E-07  2.653E-04  1.800E+00 -2.165E-05 
 1.952E-07 -1.031E-04  1.800E+00 -9.055E-06 
 1.952E-07 -1.718E-04  1.799E+00 -1.028E-06 
 1.952E-07 -1.626E-04  1.798E+00  1.647E-07 
 1.952E-07 -9.505E-05  1.804E+00  3.350E-06 
 1.953E-07  4.997E-05  1.831E+00  6.989E-06 
 1.953E-07  2.062E-04  1.867E+00  1.045E-05 
 1.953E-07  1.942E-04  1.889E+00  5.586E-06 
 1.953E-07 -3.896E-06  1.793E+00 -4.700E-06 
 1.953E-07 -6.362E-05  1.607E+00 -5.950E-06 
 1.953E-07 -1.030E-04  1.331E+00 -4.972E-06 
 1.953E-07 -1.380E-04  7.583E-01 -4.597E-06 
 1.954E-07 -1.527E-04  2.043E-01 -2.453E-06 
 1.954E-07 -1.515E-04  4.312E-02 -1.275E-06 
 1.954E-07 -1.443E-04  9.109E-03 -2.143E-07 
 1.954E-07 -1.310E-04  4.139E-03  7.447E-07 
 1.954E-07 -1.167E-04  2.886E-03  1.420E-06 
 1.954E-07 -1.136E-04  2.669E-03  1.526E-06 
 1.954E-07 -1.094E-04  2.394E-03  1.660E-06 
 1.954E-07 -9.708E-05  1.688E-03  1.963E-06 
 1.954E-07 -7.800E-05  9.046E-04  2.157E-06 
 1.954E-07 -6.838E-05  6.365E-04  2.207E-06 
 1.955E-07 -5.216E-05  3.012E-04  2.140E-06 
 1.955E-07 -4.456E-05  1.943E-04  2.043E-06 
 1.955E-07 -3.442E-05  8.860E-05  1.871E-06 
 1.955E-07 -2.689E-05  3.974E-05  1.726E-06 
 1.956E-07 -1.891E-05  1.165E-05  1.583E-06 
 1.956E-07 -1.298E-05  5.009E-06  1.495E-06 
 1.956E-07 -1.066E-05  2.438E-06  1.471E-06 
 1.957E-07 -8.110E-06  8.164E-07  1.444E-06 
 1.957E-07 -3.968E-06  1.594E-07  1.413E-06 
 1.959E-07 -1.157E-06 -1.440E-07  1.400E-06 
 1.960E-07 -1.703E-07  3.131E-07  1.394E-06 
 1.962E-07  1.057E-07 -2.403E-07  1.403E-06 
 1.964E-07  1.399E-07  3.090E-07  1.390E-06 
 1.968E-07  2.048E-07 -2.321E-07  1.404E-06 
 1.976E-07  2.221E-07  2.922E-07  1.390E-06 
 1.986E-07  2.389E-07 -2.280E-07  1.404E-06 
 2.001E-07  2.391E-07  2.851E-07  1.390E-06 
 2.021E-07  2.446E-07 -2.252E-07  1.404E-06 
 2.051E-07  2.428E-07  2.814E-07  1.390E-06 
 2.095E-07  2.457E-07 -2.238E-07  1.404E-06 
 2.158E-07  2.438E-07  2.797E-07  1.390E-06 
 2.249E-07  2.459E-07 -2.231E-07  1.403E-06 
 2.380E-07  2.441E-07  2.789E-07  1.390E-06 
 2.450E-07  2.458E-07 -2.225E-07  1.403E-06 
 2.451E-07  5.902E-05  4.932E-08  1.207E-07 
 2.452E-07  3.276E-05 -7.877E-09 -4.126E-08 
 2.453E-07 -1.121E-05  1.211E-08  4.091E-08 
 2.454E-07 -2.205E-04  5.976E-09  6.124E-09 
 2.454E-07 -4.338E-04  2.282E-09 -3.985E-08 
 2.455E-07 -2.615E-03  4.104E-09 -3.268E-08 
 2.455E-07 -6.095E-03  2.042E-09 -2.945E-07 
 2.456E-07 -1.188E-02  5.346E-09  2.782E-08 
 2.456E-07  3.476E-03  1.162E-08  3.620E-06 
 2.456E-07  9.683E-02  3.444E-08  1.487E-05 
 2.456E-07  2.488E-01  7.068E-08  3.256E-05 
 2.457E-07  5.319E-01 -1.672E-08  4.070E-05 
 2.457E-07  9.712E-01 -6.232E-07 -1.106E-04 
 2.457E-07  1.302E+00 -1.859E-06 -5.503E-04 
 2.457E-07  1.488E+00 -8.064E-07 -9.544E-04 
 2.457E-07  1.599E+00 -3.030E-07 -1.580E-03 
 2.458E-07  1.662E+00  1.421E-06 -2.103E-03 
 2.458E-07  1.703E+00  8.172E-06 -1.137E-03 
 2.458E-07  1.732E+00  5.892E-06  6.279E-04 
 2.458E-07  1.753E+00 -1.300E-06  1.612E-03 
 2.458E-07  1.775E+00 -8.537E-06  1.842E-03 
 2.458E-07  1.785E+00 -9.365E-06  1.536E-03 
 2.459E-07  1.792E+00 -3.456E-06  9.520E-04 
 2.459E-07  1.796E+00  1.119E-05  4.524E-04 
 2.459E-07  1.798E+00  3.983E-06  1.882E-04 
 2.459E-07  1.799E+00 -5.905E-07  1.515E-05 
 2.460E-07  1.799E+00 -9.032E-07 -2.527E-05 
 2.460E-07  1.800E+00 -6.790E-07 -4.168E-05 
 2.460E-07  1.800E+00 -5.252E-07 -4.141E-05 
 2.460E-07  1.800E+00 -3.579E-07 -3.656E-05 
 2.460E-07  1.800E+00 -3.187E-07 -3.517E-05 
 2.460E-07  1.800E+00 -2.258E-07 -3.013E-05 
 2.461E-07  1.800E+00 -2.382E-08 -1.671E-05 
 2.462E-07  1.800E+00  1.715E-09 -7.160E-06 
 2.463E-07  1.800E+00  1.135E-08 -5.284E-07 
 2.464E-07  1.800E+00  7.379E-09  1.244E-06 
 2.466E-07  1.800E+00 -4.133E-11  9.388E-07 
 2.468E-07  1.800E+00  2.525E-09  1.435E-06 
 2.471E-07  1.800E+00 -1.931E-09  9.305E-07 
 2.475E-07  1.800E+00  1.716E-09  1.414E-06 
 2.482E-07  1.800E+00 -1.713E-09  9.419E-07 
 2.491E-07  1.800E+00  1.437E-09  1.397E-06 
 2.505E-07  1.800E+00 -1.537E-09  9.402E-07 
 2.524E-07  1.800E+00  1.290E-09  1.380E-06 
 2.551E-07  1.800E+00 -1.439E-09  9.288E-07 
 2.591E-07  1.800E+00  1.215E-09  1.359E-06 
 2.649E-07  1.800E+00 -1.391E-09  9.074E-07 
 2.732E-07  1.800E+00  1.179E-09  1.331E-06 
 2.852E-07  1.800E+00 -1.367E-09  8.798E-07 
 2.940E-07  1.800E+00  1.155E-09  1.308E-06 
 2.941E-07  1.800E+00  3.782E-09  1.339E-07 
 2.942E-07  1.800E+00  3.607E-09  4.028E-08 
 2.943E-07  1.800E+00  2.911E-09  8.783E-08 
 2.944E-07  1.800E+00  3.710E-09  7.556E-08 
 2.946E-07  1.808E+00  2.916E-09  1.366E-07 
 2.946E-07  1.822E+00  4.139E-09  5.227E-07 
 2.947E-07  1.833E+00 -1.275E-10 -8.262E-07 
 2.947E-07  1.644E+00 -3.311E-08 -2.229E-05 
 2.948E-07  1.278E+00 -1.531E-07 -7.553E-05 
 2.948E-07  8.184E-01  5.382E-07  1.381E-05 
 2.948E-07  1.344E-01  2.545E-06  1.203E-03 
 2.948E-07  4.688E-02  6.076E-07  1.537E-03 
 2.948E-07  3.819E-02 -2.390E-07  1.520E-03 
 2.948E-07  2.891E-02 -1.068E-06  1.481E-03 
 2.948E-07  1.583E-02 -2.083E-06  1.230E-03 
 2.949E-07  9.786E-03 -1.917E-06  3.301E-04 
 2.949E-07  9.230E-03 -2.190E-06 -5.882E-04 
 2.949E-07  8.392E-03 -3.657E-06 -1.744E-03 
 2.949E-07  7.850E-03 -8.761E-06 -1.608E-03 
 2.949E-07  6.739E-03  3.447E-06 -1.091E-03 
 2.950E-07  5.360E-03  1.302E-05 -6.808E-04 
 2.950E-07  4.745E-03  1.403E-05 -4.015E-04 
 2.950E-07  4.122E-03  2.136E-06 -2.150E-04 
 2.950E-07  3.951E-03 -7.733E-08 -1.962E-04 
 2.950E-07  3.817E-03 -1.531E-06 -1.798E-04 
 2.950E-07  3.616E-03 -2.976E-06 -1.614E-04 
 2.950E-07  3.033E-03 -4.200E-06 -1.315E-04 
 2.951E-07  1.412E-03 -2.434E-06 -7.328E-05 
 2.951E-07  6.489E-04 -4.600E-07 -4.186E-05 
 2.951E-07  1.761E-04  2.189E-07 -1.399E-05 
 2.952E-07  4.608E-05  9.056E-08 -3.110E-06 
 2.952E-07  8.917E-06  1.446E-07  1.281E-07 
 2.953E-07 -3.240E-06  5.612E-08  1.288E-07 
 2.954E-07  6.867E-07  1.006E-07  4.794E-07 
 2.956E-07 -1.033E-06  4.266E-08  2.509E-07 
 2.958E-07  7.913E-07  9.015E-08  4.204E-07 
 2.962E-07 -7.037E-07  4.514E-08  2.793E-07 
 2.968E-07  6.762E-07  8.764E-08  4.041E-07 
 2.982E-07 -6.490E-07  4.637E-08  2.864E-07 
 3.000E-07  6.448E-07  8.692E-08  4.006E-07 
