#format table ## [Custom WaveView] saved 00:10:03 Mon May 20 2024
TIME clk d q 
 0.000E+00  3.285E-09  3.285E-09  3.285E-09 
 1.000E-12  3.285E-09  3.285E-09  3.285E-09 
 2.000E-12  3.285E-09  3.285E-09  3.285E-09 
 5.200E-12  3.285E-09  3.285E-09  3.285E-09 
 1.544E-11  3.285E-09  3.285E-09  3.285E-09 
 4.821E-11  3.285E-09  3.285E-09  3.285E-09 
 1.531E-10  3.285E-09  3.285E-09  3.285E-09 
 4.886E-10  3.285E-09  3.285E-09  3.285E-09 
 1.562E-09  3.285E-09  3.285E-09  3.285E-09 
 4.998E-09  3.285E-09  3.285E-09  3.285E-09 
 1.599E-08  3.285E-09  3.285E-09  3.285E-09 
 2.000E-08  3.285E-09  3.285E-09  3.285E-09 
 2.015E-08  3.391E-09  5.287E-05  3.285E-09 
 2.019E-08 -1.384E-09  3.590E-05  3.285E-09 
 2.030E-08  9.886E-09  2.367E-06  3.286E-09 
 2.036E-08 -5.091E-09 -6.977E-05  3.285E-09 
 2.051E-08 -3.180E-08 -4.537E-03  3.278E-09 
 2.056E-08 -4.599E-07 -1.161E-02  3.268E-09 
 2.060E-08  6.977E-06  3.213E-02  3.183E-09 
 2.062E-08  2.005E-05  1.715E-01  2.530E-09 
 2.065E-08  3.934E-05  3.887E-01  1.473E-09 
 2.067E-08  4.891E-05  7.163E-01 -6.985E-09 
 2.069E-08  7.023E-05  1.148E+00 -8.183E-09 
 2.071E-08  3.175E-05  1.450E+00  2.863E-08 
 2.073E-08 -4.005E-05  1.596E+00  3.960E-08 
 2.075E-08 -5.580E-05  1.691E+00 -2.801E-09 
 2.077E-08 -4.729E-05  1.745E+00 -1.152E-08 
 2.079E-08 -3.328E-05  1.774E+00 -9.041E-09 
 2.082E-08 -2.038E-05  1.790E+00 -5.882E-09 
 2.085E-08 -1.112E-05  1.797E+00 -1.284E-09 
 2.089E-08 -6.104E-06  1.799E+00 -7.303E-09 
 2.094E-08 -6.427E-06  1.800E+00 -2.323E-08 
 2.100E-08 -2.100E-05  1.800E+00 -9.160E-08 
 2.101E-08 -2.606E-05  1.800E+00 -1.220E-07 
 2.102E-08 -3.235E-05  1.800E+00 -1.572E-07 
 2.106E-08 -6.412E-05  1.800E+00 -3.276E-07 
 2.111E-08 -1.682E-04  1.800E+00 -1.048E-06 
 2.115E-08 -4.332E-04  1.800E+00 -3.415E-06 
 2.119E-08 -7.088E-04  1.800E+00 -8.174E-06 
 2.123E-08 -2.957E-04  1.800E+00 -2.532E-07 
 2.126E-08  2.422E-04  1.800E+00  2.006E-04 
 2.128E-08  2.461E-04  1.800E+00  7.394E-04 
 2.130E-08  2.307E-04  1.800E+00  1.035E-03 
 2.133E-08  3.903E-04  1.800E+00  9.569E-04 
 2.135E-08  4.312E-04  1.800E+00 -6.835E-03 
 2.137E-08  4.000E-04  1.800E+00 -2.657E-02 
 2.139E-08  3.592E-04  1.800E+00 -4.534E-02 
 2.140E-08  2.926E-04  1.800E+00  1.718E-02 
 2.141E-08  2.288E-04  1.800E+00  2.817E-01 
 2.143E-08  1.825E-04  1.800E+00  6.704E-01 
 2.144E-08  1.405E-04  1.800E+00  1.137E+00 
 2.145E-08  1.095E-04  1.800E+00  1.460E+00 
 2.146E-08  8.937E-05  1.800E+00  1.604E+00 
 2.148E-08  6.550E-05  1.800E+00  1.707E+00 
 2.149E-08  5.143E-05  1.800E+00  1.748E+00 
 2.150E-08  4.440E-05  1.800E+00  1.766E+00 
 2.151E-08  3.929E-05  1.800E+00  1.777E+00 
 2.152E-08  3.413E-05  1.800E+00  1.786E+00 
 2.153E-08  3.053E-05  1.800E+00  1.792E+00 
 2.154E-08  2.771E-05  1.800E+00  1.795E+00 
 2.155E-08  2.554E-05  1.800E+00  1.796E+00 
 2.156E-08  2.184E-05  1.800E+00  1.798E+00 
 2.157E-08  1.941E-05  1.800E+00  1.799E+00 
 2.159E-08  1.632E-05  1.800E+00  1.799E+00 
 2.161E-08  1.229E-05  1.800E+00  1.800E+00 
 2.164E-08  8.137E-06  1.800E+00  1.800E+00 
 2.168E-08  4.865E-06  1.800E+00  1.800E+00 
 2.172E-08  2.467E-06  1.800E+00  1.800E+00 
 2.177E-08  1.018E-06  1.800E+00  1.800E+00 
 2.184E-08  4.395E-07  1.800E+00  1.800E+00 
 2.197E-08  2.749E-07  1.800E+00  1.800E+00 
 2.221E-08  2.566E-07  1.800E+00  1.800E+00 
 2.258E-08  2.414E-07  1.800E+00  1.800E+00 
 2.308E-08  2.402E-07  1.800E+00  1.800E+00 
 2.332E-08  2.405E-07  1.800E+00  1.800E+00 
 2.362E-08  2.385E-07  1.800E+00  1.800E+00 
 2.442E-08  2.396E-07  1.800E+00  1.800E+00 
 2.593E-08  2.381E-07  1.800E+00  1.800E+00 
 2.792E-08  2.392E-07  1.800E+00  1.800E+00 
 3.057E-08  2.382E-07  1.800E+00  1.800E+00 
 3.417E-08  2.391E-07  1.800E+00  1.800E+00 
 3.963E-08  2.382E-07  1.800E+00  1.800E+00 
 4.500E-08  2.390E-07  1.800E+00  1.800E+00 
 4.513E-08  5.896E-05  1.800E+00  1.800E+00 
 4.517E-08  3.586E-05  1.800E+00  1.800E+00 
 4.530E-08  4.354E-07  1.800E+00  1.800E+00 
 4.538E-08 -1.044E-04  1.800E+00  1.800E+00 
 4.541E-08 -3.136E-04  1.800E+00  1.800E+00 
 4.550E-08 -3.207E-03  1.800E+00  1.800E+00 
 4.554E-08 -7.736E-03  1.800E+00  1.800E+00 
 4.558E-08 -1.311E-02  1.800E+00  1.800E+00 
 4.562E-08  7.214E-02  1.800E+00  1.800E+00 
 4.565E-08  3.058E-01  1.800E+00  1.800E+00 
 4.567E-08  6.418E-01  1.800E+00  1.800E+00 
 4.569E-08  1.006E+00  1.800E+00  1.800E+00 
 4.571E-08  1.344E+00  1.799E+00  1.800E+00 
 4.572E-08  1.507E+00  1.798E+00  1.800E+00 
 4.574E-08  1.612E+00  1.795E+00  1.800E+00 
 4.576E-08  1.672E+00  1.792E+00  1.800E+00 
 4.578E-08  1.714E+00  1.789E+00  1.800E+00 
 4.579E-08  1.737E+00  1.789E+00  1.800E+00 
 4.581E-08  1.757E+00  1.791E+00  1.800E+00 
 4.583E-08  1.774E+00  1.794E+00  1.800E+00 
 4.584E-08  1.785E+00  1.796E+00  1.800E+00 
 4.586E-08  1.792E+00  1.797E+00  1.800E+00 
 4.588E-08  1.796E+00  1.797E+00  1.800E+00 
 4.591E-08  1.798E+00  1.797E+00  1.800E+00 
 4.593E-08  1.799E+00  1.798E+00  1.800E+00 
 4.595E-08  1.800E+00  1.798E+00  1.800E+00 
 4.599E-08  1.800E+00  1.799E+00  1.800E+00 
 4.600E-08  1.800E+00  1.799E+00  1.800E+00 
 4.602E-08  1.800E+00  1.799E+00  1.800E+00 
 4.603E-08  1.800E+00  1.799E+00  1.800E+00 
 4.605E-08  1.800E+00  1.799E+00  1.800E+00 
 4.611E-08  1.800E+00  1.800E+00  1.800E+00 
 4.618E-08  1.800E+00  1.800E+00  1.800E+00 
 4.628E-08  1.800E+00  1.800E+00  1.800E+00 
 4.643E-08  1.800E+00  1.800E+00  1.800E+00 
 4.664E-08  1.800E+00  1.800E+00  1.800E+00 
 4.692E-08  1.800E+00  1.800E+00  1.800E+00 
 4.731E-08  1.800E+00  1.800E+00  1.800E+00 
 4.784E-08  1.800E+00  1.800E+00  1.800E+00 
 4.860E-08  1.800E+00  1.800E+00  1.800E+00 
 4.966E-08  1.800E+00  1.800E+00  1.800E+00 
 5.118E-08  1.800E+00  1.800E+00  1.800E+00 
 5.331E-08  1.800E+00  1.800E+00  1.800E+00 
 5.637E-08  1.800E+00  1.800E+00  1.800E+00 
 6.073E-08  1.800E+00  1.800E+00  1.800E+00 
 6.698E-08  1.800E+00  1.800E+00  1.800E+00 
 7.595E-08  1.800E+00  1.800E+00  1.800E+00 
 8.885E-08  1.800E+00  1.800E+00  1.800E+00 
 9.400E-08  1.800E+00  1.800E+00  1.800E+00 
 9.412E-08  1.800E+00  1.800E+00  1.800E+00 
 9.417E-08  1.800E+00  1.800E+00  1.800E+00 
 9.430E-08  1.800E+00  1.800E+00  1.800E+00 
 9.454E-08  1.803E+00  1.800E+00  1.800E+00 
 9.464E-08  1.824E+00  1.800E+00  1.800E+00 
 9.470E-08  1.816E+00  1.800E+00  1.800E+00 
 9.472E-08  1.670E+00  1.800E+00  1.800E+00 
 9.475E-08  1.437E+00  1.800E+00  1.800E+00 
 9.477E-08  9.855E-01  1.800E+00  1.800E+00 
 9.479E-08  4.358E-01  1.800E+00  1.800E+00 
 9.481E-08  8.409E-02  1.801E+00  1.800E+00 
 9.482E-08  3.439E-02  1.801E+00  1.800E+00 
 9.484E-08  1.563E-02  1.802E+00  1.800E+00 
 9.486E-08  1.335E-02  1.802E+00  1.800E+00 
 9.488E-08  1.053E-02  1.801E+00  1.800E+00 
 9.489E-08  9.345E-03  1.801E+00  1.800E+00 
 9.491E-08  8.303E-03  1.800E+00  1.800E+00 
 9.494E-08  6.786E-03  1.800E+00  1.800E+00 
 9.495E-08  5.357E-03  1.801E+00  1.800E+00 
 9.497E-08  4.926E-03  1.801E+00  1.800E+00 
 9.498E-08  4.396E-03  1.801E+00  1.800E+00 
 9.500E-08  3.467E-03  1.800E+00  1.800E+00 
 9.500E-08  3.231E-03  1.800E+00  1.800E+00 
 9.501E-08  2.999E-03  1.800E+00  1.800E+00 
 9.501E-08  2.763E-03  1.800E+00  1.800E+00 
 9.502E-08  2.159E-03  1.800E+00  1.800E+00 
 9.506E-08  8.641E-04  1.800E+00  1.800E+00 
 9.510E-08  3.138E-04  1.800E+00  1.800E+00 
 9.515E-08  8.915E-05  1.800E+00  1.800E+00 
 9.520E-08  3.241E-05  1.800E+00  1.800E+00 
 9.527E-08  1.882E-06  1.800E+00  1.800E+00 
 9.538E-08  3.515E-06  1.800E+00  1.800E+00 
 9.555E-08 -9.729E-07  1.800E+00  1.800E+00 
 9.585E-08  2.747E-06  1.800E+00  1.800E+00 
 9.659E-08 -7.317E-07  1.800E+00  1.800E+00 
 9.897E-08  2.644E-06  1.800E+00  1.800E+00 
 1.066E-07 -7.097E-07  1.800E+00  1.800E+00 
 1.216E-07  2.632E-06  1.800E+00  1.800E+00 
 1.366E-07 -7.030E-07  1.800E+00  1.800E+00 
 1.450E-07  2.623E-06  1.800E+00  1.800E+00 
 1.451E-07  5.953E-05  1.800E+00  1.800E+00 
 1.452E-07  3.044E-05  1.800E+00  1.800E+00 
 1.453E-07 -2.987E-05  1.800E+00  1.800E+00 
 1.454E-07 -3.327E-04  1.800E+00  1.800E+00 
 1.455E-07 -4.028E-03  1.800E+00  1.800E+00 
 1.456E-07 -1.053E-02  1.800E+00  1.800E+00 
 1.456E-07 -4.950E-03  1.800E+00  1.800E+00 
 1.456E-07  1.137E-01  1.800E+00  1.800E+00 
 1.456E-07  3.247E-01  1.800E+00  1.800E+00 
 1.457E-07  6.167E-01  1.800E+00  1.800E+00 
 1.457E-07  1.086E+00  1.800E+00  1.800E+00 
 1.457E-07  1.399E+00  1.799E+00  1.800E+00 
 1.457E-07  1.543E+00  1.799E+00  1.800E+00 
 1.457E-07  1.632E+00  1.798E+00  1.800E+00 
 1.458E-07  1.682E+00  1.798E+00  1.800E+00 
 1.458E-07  1.717E+00  1.798E+00  1.800E+00 
 1.458E-07  1.739E+00  1.798E+00  1.800E+00 
 1.458E-07  1.764E+00  1.799E+00  1.800E+00 
 1.458E-07  1.767E+00  1.799E+00  1.800E+00 
 1.458E-07  1.775E+00  1.799E+00  1.800E+00 
 1.458E-07  1.787E+00  1.800E+00  1.800E+00 
 1.459E-07  1.792E+00  1.800E+00  1.800E+00 
 1.459E-07  1.796E+00  1.800E+00  1.800E+00 
 1.459E-07  1.798E+00  1.800E+00  1.800E+00 
 1.459E-07  1.799E+00  1.800E+00  1.800E+00 
 1.460E-07  1.800E+00  1.800E+00  1.800E+00 
 1.460E-07  1.800E+00  1.800E+00  1.800E+00 
 1.460E-07  1.800E+00  1.800E+00  1.800E+00 
 1.460E-07  1.800E+00  1.800E+00  1.800E+00 
 1.460E-07  1.800E+00  1.800E+00  1.800E+00 
 1.460E-07  1.800E+00  1.800E+00  1.800E+00 
 1.461E-07  1.800E+00  1.800E+00  1.800E+00 
 1.462E-07  1.800E+00  1.800E+00  1.800E+00 
 1.463E-07  1.800E+00  1.800E+00  1.800E+00 
 1.464E-07  1.800E+00  1.800E+00  1.800E+00 
 1.468E-07  1.800E+00  1.800E+00  1.800E+00 
 1.480E-07  1.800E+00  1.800E+00  1.800E+00 
 1.514E-07  1.800E+00  1.800E+00  1.800E+00 
 1.614E-07  1.800E+00  1.800E+00  1.800E+00 
 1.690E-07  1.800E+00  1.800E+00  1.800E+00 
 1.691E-07  1.800E+00  1.800E+00  1.800E+00 
 1.692E-07  1.800E+00  1.800E+00  1.800E+00 
 1.693E-07  1.800E+00  1.800E+00  1.800E+00 
 1.696E-07  1.800E+00  1.821E+00  1.800E+00 
 1.697E-07  1.800E+00  1.772E+00  1.800E+00 
 1.697E-07  1.800E+00  1.452E+00  1.800E+00 
 1.697E-07  1.800E+00  9.312E-01  1.800E+00 
 1.698E-07  1.800E+00  3.870E-01  1.800E+00 
 1.698E-07  1.801E+00  1.681E-01  1.800E+00 
 1.698E-07  1.801E+00  3.419E-02  1.800E+00 
 1.698E-07  1.801E+00  1.612E-02  1.800E+00 
 1.698E-07  1.800E+00  7.275E-03  1.800E+00 
 1.698E-07  1.799E+00  4.671E-03  1.800E+00 
 1.699E-07  1.800E+00  2.682E-03  1.800E+00 
 1.699E-07  1.800E+00  1.812E-03  1.800E+00 
 1.699E-07  1.800E+00  1.303E-03  1.800E+00 
 1.700E-07  1.800E+00  9.652E-04  1.800E+00 
 1.700E-07  1.800E+00  8.533E-04  1.800E+00 
 1.700E-07  1.800E+00  1.073E-03  1.800E+00 
 1.700E-07  1.800E+00  1.155E-03  1.800E+00 
 1.700E-07  1.800E+00  1.359E-03  1.800E+00 
 1.701E-07  1.800E+00  1.537E-03  1.800E+00 
 1.701E-07  1.800E+00  1.608E-03  1.800E+00 
 1.701E-07  1.800E+00  1.584E-03  1.800E+00 
 1.701E-07  1.800E+00  1.517E-03  1.800E+00 
 1.701E-07  1.800E+00  1.486E-03  1.800E+00 
 1.701E-07  1.800E+00  1.437E-03  1.800E+00 
 1.702E-07  1.800E+00  1.333E-03  1.800E+00 
 1.702E-07  1.800E+00  1.150E-03  1.800E+00 
 1.702E-07  1.800E+00  9.121E-04  1.800E+00 
 1.703E-07  1.800E+00  6.634E-04  1.800E+00 
 1.703E-07  1.800E+00  4.329E-04  1.800E+00 
 1.704E-07  1.800E+00  2.379E-04  1.800E+00 
 1.704E-07  1.800E+00  2.036E-04  1.800E+00 
 1.704E-07  1.800E+00  1.447E-04  1.800E+00 
 1.705E-07  1.800E+00  6.573E-05  1.800E+00 
 1.707E-07  1.800E+00  2.869E-06  1.800E+00 
 1.709E-07  1.800E+00  7.383E-06  1.800E+00 
 1.711E-07  1.800E+00  7.515E-06  1.800E+00 
 1.713E-07  1.800E+00  5.743E-06  1.800E+00 
 1.720E-07  1.800E+00  3.920E-06  1.800E+00 
 1.729E-07  1.800E+00  2.732E-06  1.800E+00 
 1.742E-07  1.800E+00  2.101E-06  1.800E+00 
 1.759E-07  1.800E+00  1.580E-06  1.800E+00 
 1.784E-07  1.800E+00  1.355E-06  1.800E+00 
 1.821E-07  1.800E+00  1.039E-06  1.800E+00 
 1.875E-07  1.800E+00  9.916E-07  1.800E+00 
 1.940E-07  1.800E+00  7.997E-07  1.800E+00 
 1.941E-07  1.800E+00  3.313E-07  1.800E+00 
 1.942E-07  1.800E+00  2.278E-07  1.800E+00 
 1.943E-07  1.800E+00  2.475E-07  1.800E+00 
 1.946E-07  1.810E+00  2.568E-07  1.800E+00 
 1.947E-07  1.828E+00  7.295E-07  1.800E+00 
 1.947E-07  1.688E+00 -1.353E-05  1.800E+00 
 1.947E-07  1.447E+00 -4.102E-05  1.800E+00 
 1.948E-07  1.107E+00 -8.004E-05  1.800E+00 
 1.948E-07  6.328E-01  1.866E-04  1.800E+00 
 1.948E-07  3.204E-01  6.977E-04  1.800E+00 
 1.948E-07  8.265E-02  1.472E-03  1.800E+00 
 1.948E-07  3.192E-02  1.631E-03  1.800E+00 
 1.948E-07  1.386E-02  1.165E-03  1.800E+00 
 1.949E-07  1.202E-02  4.508E-04  1.800E+00 
 1.949E-07  9.990E-03 -4.817E-04  1.800E+00 
 1.949E-07  8.946E-03 -1.271E-03  1.800E+00 
 1.949E-07  8.321E-03 -1.463E-03  1.800E+00 
 1.949E-07  7.134E-03 -1.073E-03  1.800E+00 
 1.949E-07  5.886E-03 -7.401E-04  1.800E+00 
 1.950E-07  5.139E-03 -3.986E-04  1.800E+00 
 1.950E-07  4.707E-03 -2.324E-04  1.800E+00 
 1.950E-07  3.485E-03 -1.383E-04  1.800E+00 
 1.950E-07  3.146E-03 -1.274E-04  1.800E+00 
 1.950E-07  2.712E-03 -1.160E-04  1.800E+00 
 1.950E-07  1.655E-03 -8.497E-05  1.800E+00 
 1.951E-07  4.823E-04 -3.239E-05  1.800E+00 
 1.951E-07  6.394E-05 -1.345E-05  1.800E+00 
 1.952E-07 -1.665E-04 -3.394E-06  1.800E+00 
 1.952E-07 -1.634E-04  4.202E-07  1.799E+00 
 1.952E-07 -1.530E-04  1.851E-06  1.799E+00 
 1.953E-07  5.607E-05  7.743E-06  1.833E+00 
 1.953E-07  1.801E-04  1.033E-05  1.865E+00 
 1.953E-07  1.467E-04  4.075E-06  1.869E+00 
 1.953E-07  1.087E-04  2.046E-06  1.857E+00 
 1.953E-07  4.344E-05 -1.190E-06  1.820E+00 
 1.953E-07 -9.306E-05 -4.085E-06  1.362E+00 
 1.953E-07 -1.239E-04 -4.273E-06  9.349E-01 
 1.953E-07 -1.479E-04 -1.904E-06  2.678E-01 
 1.954E-07 -1.500E-04 -7.945E-07  5.710E-02 
 1.954E-07 -1.449E-04  2.079E-07  1.229E-02 
 1.954E-07 -1.314E-04  1.338E-06  3.806E-03 
 1.954E-07 -1.188E-04  1.995E-06  3.039E-03 
 1.954E-07 -1.041E-04  2.484E-06  2.035E-03 
 1.954E-07 -1.010E-04  2.563E-06  1.873E-03 
 1.954E-07 -9.573E-05  2.669E-06  1.606E-03 
 1.954E-07 -8.172E-05  2.856E-06  1.025E-03 
 1.954E-07 -7.201E-05  2.807E-06  7.273E-04 
 1.955E-07 -5.144E-05  2.870E-06  2.784E-04 
 1.955E-07 -4.473E-05  2.764E-06  1.890E-04 
 1.955E-07 -3.434E-05  2.586E-06  8.434E-05 
 1.955E-07 -2.712E-05  2.448E-06  3.927E-05 
 1.956E-07 -1.858E-05  2.297E-06  1.026E-05 
 1.956E-07 -1.272E-05  2.211E-06  4.708E-06 
 1.957E-07 -7.172E-06  2.154E-06 -8.216E-07 
 1.957E-07 -3.247E-06  2.139E-06  8.877E-07 
 1.959E-07 -1.006E-06  2.128E-06 -6.957E-07 
 1.960E-07 -3.287E-07  2.134E-06  6.119E-07 
 1.961E-07 -7.005E-08  2.120E-06 -5.735E-07 
 1.964E-07  8.742E-08  2.136E-06  4.805E-07 
 1.968E-07  8.073E-08  2.118E-06 -5.272E-07 
 1.975E-07  1.545E-07  2.136E-06  4.355E-07 
 1.985E-07  1.194E-07  2.118E-06 -5.117E-07 
 1.999E-07  1.715E-07  2.136E-06  4.184E-07 
 2.019E-07  1.268E-07  2.118E-06 -5.039E-07 
 2.048E-07  1.750E-07  2.136E-06  4.102E-07 
 2.090E-07  1.284E-07  2.118E-06 -5.001E-07 
 2.150E-07  1.758E-07  2.136E-06  4.063E-07 
 2.238E-07  1.287E-07  2.118E-06 -4.983E-07 
 2.364E-07  1.760E-07  2.136E-06  4.044E-07 
 2.450E-07  1.287E-07  2.118E-06 -4.970E-07 
 2.451E-07  5.903E-05  2.245E-07  5.248E-08 
 2.452E-07  3.041E-05 -9.773E-08 -2.988E-08 
 2.453E-07 -3.357E-05  8.545E-08  2.972E-08 
 2.454E-07 -3.405E-04 -5.659E-08 -8.086E-09 
 2.455E-07 -4.166E-03 -1.192E-08  1.259E-08 
 2.456E-07 -1.067E-02 -4.184E-07 -4.476E-09 
 2.456E-07 -3.637E-03  2.522E-06  1.492E-08 
 2.456E-07  1.243E-01  1.394E-05  3.155E-08 
 2.456E-07  3.524E-01  3.300E-05  5.091E-08 
 2.457E-07  6.491E-01  3.636E-05 -2.911E-08 
 2.457E-07  1.114E+00 -2.402E-04 -1.072E-06 
 2.457E-07  1.176E+00 -3.462E-04 -1.516E-06 
 2.457E-07  1.262E+00 -5.264E-04 -2.157E-06 
 2.457E-07  1.465E+00 -8.967E-04 -6.542E-07 
 2.457E-07  1.555E+00 -1.210E-03 -2.797E-07 
 2.457E-07  1.646E+00 -2.107E-03 -1.005E-07 
 2.458E-07  1.687E+00 -1.681E-03  6.006E-06 
 2.458E-07  1.725E+00  1.505E-04  7.814E-06 
 2.458E-07  1.746E+00  1.352E-03  1.231E-06 
 2.458E-07  1.773E+00  1.890E-03 -7.777E-06 
 2.458E-07  1.783E+00  1.623E-03 -9.852E-06 
 2.459E-07  1.791E+00  1.050E-03 -5.298E-06 
 2.459E-07  1.793E+00  9.030E-04  4.050E-07 
 2.459E-07  1.794E+00  7.442E-04  5.173E-06 
 2.459E-07  1.797E+00  3.505E-04  6.902E-06 
 2.459E-07  1.798E+00  9.439E-05  2.045E-06 
 2.459E-07  1.799E+00  1.162E-05 -8.298E-07 
 2.460E-07  1.800E+00 -3.123E-05 -6.971E-07 
 2.460E-07  1.800E+00 -4.094E-05 -6.296E-07 
 2.460E-07  1.800E+00 -4.010E-05 -4.909E-07 
 2.460E-07  1.800E+00 -3.648E-05 -3.805E-07 
 2.460E-07  1.800E+00 -3.510E-05 -3.434E-07 
 2.460E-07  1.800E+00 -3.061E-05 -2.414E-07 
 2.461E-07  1.800E+00 -1.716E-05 -3.326E-08 
 2.462E-07  1.800E+00 -7.872E-06 -6.860E-09 
 2.463E-07  1.800E+00  3.070E-07  1.125E-08 
 2.464E-07  1.800E+00  2.271E-06  2.781E-09 
 2.465E-07  1.800E+00  2.000E-06 -2.008E-09 
 2.468E-07  1.800E+00  2.563E-06 -2.140E-09 
 2.471E-07  1.800E+00  1.979E-06 -4.461E-09 
 2.474E-07  1.800E+00  2.540E-06 -2.898E-09 
 2.481E-07  1.800E+00  1.982E-06 -4.281E-09 
 2.490E-07  1.800E+00  2.519E-06 -3.144E-09 
 2.503E-07  1.800E+00  1.973E-06 -4.100E-09 
 2.521E-07  1.800E+00  2.494E-06 -3.280E-09 
 2.547E-07  1.800E+00  1.950E-06 -4.000E-09 
 2.585E-07  1.800E+00  2.460E-06 -3.351E-09 
 2.640E-07  1.800E+00  1.916E-06 -3.950E-09 
 2.719E-07  1.800E+00  2.418E-06 -3.386E-09 
 2.834E-07  1.800E+00  1.876E-06 -3.926E-09 
 2.940E-07  1.800E+00  2.384E-06 -3.406E-09 
 2.941E-07  1.800E+00  1.849E-07  3.833E-09 
 2.942E-07  1.800E+00  2.082E-08  3.512E-09 
 2.944E-07  1.800E+00  1.178E-07  2.946E-09 
 2.945E-07  1.801E+00  8.956E-08  3.321E-09 
 2.945E-07  1.801E+00  1.916E-07  3.690E-09 
 2.946E-07  1.812E+00  2.216E-07  2.891E-09 
 2.946E-07  1.821E+00  2.569E-07  3.564E-09 
 2.947E-07  1.832E+00 -6.378E-07  1.771E-09 
 2.947E-07  1.665E+00 -1.515E-05 -1.730E-08 
 2.947E-07  1.372E+00 -3.980E-05 -4.943E-08 
 2.948E-07  9.878E-01 -5.977E-05 -3.019E-08 
 2.948E-07  3.924E-01  5.754E-04  2.364E-06 
 2.948E-07  6.798E-02  1.492E-03  1.833E-06 
 2.948E-07  2.823E-02  1.548E-03 -1.155E-06 
 2.948E-07  1.340E-02  1.141E-03 -2.359E-06 
 2.949E-07  1.202E-02  7.557E-04 -1.994E-06 
 2.949E-07  9.850E-03 -4.105E-05 -1.808E-06 
 2.949E-07  8.926E-03 -1.117E-03 -2.727E-06 
 2.949E-07  8.273E-03 -1.810E-03 -4.423E-06 
 2.949E-07  7.109E-03 -1.207E-03 -4.904E-06 
 2.950E-07  5.683E-03 -7.959E-04  1.326E-05 
 2.950E-07  4.715E-03 -4.207E-04  1.451E-05 
 2.950E-07  4.301E-03 -2.430E-04  5.973E-06 
 2.950E-07  3.798E-03 -1.794E-04 -1.357E-06 
 2.950E-07  3.694E-03 -1.682E-04 -2.184E-06 
 2.950E-07  3.414E-03 -1.473E-04 -3.501E-06 
 2.950E-07  2.612E-03 -1.139E-04 -3.944E-06 
 2.951E-07  1.115E-03 -6.185E-05 -1.682E-06 
 2.951E-07  4.807E-04 -3.157E-05 -2.117E-07 
 2.951E-07  1.268E-04 -9.708E-06  8.142E-08 
 2.952E-07  2.997E-05 -1.908E-06  6.999E-08 
 2.953E-07  3.983E-06  4.518E-07  3.964E-08 
 2.953E-07 -3.152E-06  2.091E-07  1.825E-08 
 2.955E-07  9.314E-07  5.910E-07  1.518E-08 
 2.957E-07 -1.035E-06  2.820E-07  3.280E-09 
 2.959E-07  7.979E-07  5.346E-07  1.186E-08 
 2.963E-07 -7.351E-07  3.098E-07  3.449E-09 
 2.970E-07  6.716E-07  5.178E-07  1.126E-08 
 2.989E-07 -6.828E-07  3.173E-07  3.768E-09 
 3.000E-07  6.302E-07  5.121E-07  1.100E-08 
