#format table ## [Custom WaveView] saved 00:11:44 Mon May 20 2024
TIME clk q d 
 0.000E+00  3.285E-09  3.285E-09  3.285E-09 
 1.000E-12  3.285E-09  3.285E-09  3.285E-09 
 2.000E-12  3.285E-09  3.285E-09  3.285E-09 
 5.200E-12  3.285E-09  3.285E-09  3.285E-09 
 1.544E-11  3.285E-09  3.285E-09  3.285E-09 
 4.821E-11  3.285E-09  3.285E-09  3.285E-09 
 1.531E-10  3.285E-09  3.285E-09  3.285E-09 
 4.886E-10  3.285E-09  3.285E-09  3.285E-09 
 1.562E-09  3.285E-09  3.285E-09  3.285E-09 
 4.998E-09  3.285E-09  3.285E-09  3.285E-09 
 1.599E-08  3.285E-09  3.285E-09  3.285E-09 
 3.000E-08  3.285E-09  3.285E-09  3.285E-09 
 3.015E-08  3.391E-09  3.285E-09  5.287E-05 
 3.022E-08  1.208E-10  3.285E-09  2.437E-05 
 3.043E-08  5.907E-09  3.285E-09 -5.087E-04 
 3.054E-08 -1.547E-07  3.291E-09 -8.147E-03 
 3.059E-08  1.172E-06  3.274E-09 -4.192E-03 
 3.063E-08  2.687E-05  2.721E-09  1.921E-01 
 3.066E-08  4.467E-05 -1.392E-09  5.254E-01 
 3.068E-08  5.455E-05 -1.422E-08  9.347E-01 
 3.070E-08  7.613E-05  2.004E-08  1.290E+00 
 3.072E-08 -3.534E-06  1.480E-08  1.517E+00 
 3.074E-08 -5.055E-05  4.236E-08  1.632E+00 
 3.076E-08 -5.324E-05 -2.251E-08  1.736E+00 
 3.078E-08 -3.939E-05 -7.623E-09  1.765E+00 
 3.081E-08 -2.410E-05 -8.419E-09  1.786E+00 
 3.084E-08 -1.385E-05  1.454E-09  1.795E+00 
 3.088E-08 -6.333E-06 -1.008E-11  1.798E+00 
 3.092E-08 -3.393E-06 -3.896E-09  1.800E+00 
 3.098E-08 -6.054E-06 -2.220E-08  1.800E+00 
 3.100E-08 -8.781E-06 -3.459E-08  1.800E+00 
 3.101E-08 -9.869E-06 -3.950E-08  1.800E+00 
 3.102E-08 -1.167E-05 -4.807E-08  1.800E+00 
 3.104E-08 -1.764E-05 -7.577E-08  1.800E+00 
 3.111E-08 -7.328E-05 -3.626E-07  1.800E+00 
 3.116E-08 -2.055E-04 -1.352E-06  1.800E+00 
 3.121E-08 -5.570E-04 -4.673E-06  1.800E+00 
 3.125E-08 -6.634E-04 -1.043E-05  1.800E+00 
 3.128E-08 -2.576E-05  3.839E-05  1.800E+00 
 3.131E-08  2.869E-04  3.940E-04  1.800E+00 
 3.134E-08  2.070E-04  9.432E-04  1.800E+00 
 3.136E-08  3.108E-04  1.117E-03  1.800E+00 
 3.138E-08  4.326E-04 -1.272E-03  1.800E+00 
 3.141E-08  4.143E-04 -1.551E-02  1.800E+00 
 3.142E-08  3.803E-04 -3.638E-02  1.800E+00 
 3.144E-08  3.264E-04 -3.606E-02  1.800E+00 
 3.145E-08  2.558E-04  1.339E-01  1.800E+00 
 3.146E-08  1.984E-04  5.104E-01  1.800E+00 
 3.147E-08  1.603E-04  9.083E-01  1.800E+00 
 3.149E-08  1.182E-04  1.373E+00  1.800E+00 
 3.150E-08  9.880E-05  1.543E+00  1.800E+00 
 3.151E-08  7.638E-05  1.665E+00  1.800E+00 
 3.153E-08  5.932E-05  1.725E+00  1.800E+00 
 3.153E-08  5.114E-05  1.750E+00  1.800E+00 
 3.154E-08  4.482E-05  1.764E+00  1.800E+00 
 3.155E-08  4.068E-05  1.774E+00  1.800E+00 
 3.155E-08  3.747E-05  1.780E+00  1.800E+00 
 3.157E-08  3.149E-05  1.790E+00  1.800E+00 
 3.158E-08  2.953E-05  1.793E+00  1.800E+00 
 3.158E-08  2.782E-05  1.794E+00  1.800E+00 
 3.159E-08  2.545E-05  1.796E+00  1.800E+00 
 3.161E-08  2.028E-05  1.799E+00  1.800E+00 
 3.162E-08  1.840E-05  1.799E+00  1.800E+00 
 3.164E-08  1.458E-05  1.800E+00  1.800E+00 
 3.167E-08  1.035E-05  1.800E+00  1.800E+00 
 3.170E-08  6.472E-06  1.800E+00  1.800E+00 
 3.174E-08  3.689E-06  1.800E+00  1.800E+00 
 3.178E-08  1.714E-06  1.800E+00  1.800E+00 
 3.184E-08  7.368E-07  1.800E+00  1.800E+00 
 3.194E-08  1.266E-07  1.800E+00  1.800E+00 
 3.210E-08  3.443E-07  1.800E+00  1.800E+00 
 3.244E-08  1.080E-07  1.800E+00  1.800E+00 
 3.286E-08  2.863E-07  1.800E+00  1.800E+00 
 3.345E-08  1.165E-07  1.800E+00  1.800E+00 
 3.422E-08  2.737E-07  1.800E+00  1.800E+00 
 3.465E-08  1.981E-07  1.800E+00  1.800E+00 
 3.515E-08  1.951E-07  1.800E+00  1.800E+00 
 3.651E-08  1.975E-07  1.800E+00  1.800E+00 
 3.934E-08  1.951E-07  1.800E+00  1.800E+00 
 4.273E-08  1.975E-07  1.800E+00  1.800E+00 
 4.500E-08  1.952E-07  1.800E+00  1.800E+00 
 4.503E-08  1.168E-04  1.800E+00  1.800E+00 
 4.507E-08  8.024E-05  1.800E+00  1.800E+00 
 4.520E-08 -2.651E-05  1.800E+00  1.800E+00 
 4.531E-08  3.181E-05  1.800E+00  1.800E+00 
 4.544E-08 -7.026E-04  1.800E+00  1.800E+00 
 4.552E-08 -5.436E-03  1.800E+00  1.800E+00 
 4.557E-08 -1.248E-02  1.800E+00  1.800E+00 
 4.560E-08  1.303E-02  1.800E+00  1.800E+00 
 4.563E-08  1.328E-01  1.800E+00  1.800E+00 
 4.565E-08  3.284E-01  1.800E+00  1.800E+00 
 4.567E-08  6.317E-01  1.800E+00  1.800E+00 
 4.569E-08  1.057E+00  1.800E+00  1.800E+00 
 4.571E-08  1.383E+00  1.800E+00  1.799E+00 
 4.573E-08  1.532E+00  1.800E+00  1.798E+00 
 4.574E-08  1.627E+00  1.800E+00  1.795E+00 
 4.576E-08  1.680E+00  1.800E+00  1.792E+00 
 4.578E-08  1.718E+00  1.800E+00  1.789E+00 
 4.580E-08  1.740E+00  1.800E+00  1.789E+00 
 4.581E-08  1.761E+00  1.800E+00  1.791E+00 
 4.583E-08  1.776E+00  1.800E+00  1.794E+00 
 4.584E-08  1.786E+00  1.800E+00  1.796E+00 
 4.586E-08  1.793E+00  1.800E+00  1.797E+00 
 4.589E-08  1.797E+00  1.800E+00  1.797E+00 
 4.591E-08  1.798E+00  1.800E+00  1.797E+00 
 4.593E-08  1.799E+00  1.800E+00  1.798E+00 
 4.596E-08  1.800E+00  1.800E+00  1.799E+00 
 4.599E-08  1.800E+00  1.800E+00  1.799E+00 
 4.600E-08  1.800E+00  1.800E+00  1.799E+00 
 4.601E-08  1.800E+00  1.800E+00  1.799E+00 
 4.602E-08  1.800E+00  1.800E+00  1.799E+00 
 4.604E-08  1.800E+00  1.800E+00  1.799E+00 
 4.610E-08  1.800E+00  1.800E+00  1.800E+00 
 4.616E-08  1.800E+00  1.800E+00  1.800E+00 
 4.626E-08  1.800E+00  1.800E+00  1.800E+00 
 4.640E-08  1.800E+00  1.800E+00  1.800E+00 
 4.660E-08  1.800E+00  1.800E+00  1.800E+00 
 4.686E-08  1.800E+00  1.800E+00  1.800E+00 
 4.724E-08  1.800E+00  1.800E+00  1.800E+00 
 4.774E-08  1.800E+00  1.800E+00  1.800E+00 
 4.846E-08  1.800E+00  1.800E+00  1.800E+00 
 4.947E-08  1.800E+00  1.800E+00  1.800E+00 
 5.090E-08  1.800E+00  1.800E+00  1.800E+00 
 5.292E-08  1.800E+00  1.800E+00  1.800E+00 
 5.581E-08  1.800E+00  1.800E+00  1.800E+00 
 5.993E-08  1.800E+00  1.800E+00  1.800E+00 
 6.585E-08  1.800E+00  1.800E+00  1.800E+00 
 7.432E-08  1.800E+00  1.800E+00  1.800E+00 
 8.650E-08  1.800E+00  1.800E+00  1.800E+00 
 9.400E-08  1.800E+00  1.800E+00  1.800E+00 
 9.412E-08  1.800E+00  1.800E+00  1.800E+00 
 9.417E-08  1.800E+00  1.800E+00  1.800E+00 
 9.433E-08  1.800E+00  1.800E+00  1.800E+00 
 9.460E-08  1.820E+00  1.800E+00  1.800E+00 
 9.467E-08  1.787E+00  1.800E+00  1.800E+00 
 9.470E-08  1.505E+00  1.800E+00  1.800E+00 
 9.474E-08  1.046E+00  1.800E+00  1.800E+00 
 9.476E-08  4.836E-01  1.800E+00  1.800E+00 
 9.478E-08  2.391E-01  1.800E+00  1.801E+00 
 9.479E-08  6.192E-02  1.800E+00  1.801E+00 
 9.481E-08  2.506E-02  1.800E+00  1.802E+00 
 9.483E-08  1.424E-02  1.800E+00  1.802E+00 
 9.484E-08  1.219E-02  1.800E+00  1.802E+00 
 9.486E-08  9.753E-03  1.800E+00  1.801E+00 
 9.488E-08  8.788E-03  1.800E+00  1.800E+00 
 9.490E-08  7.415E-03  1.800E+00  1.800E+00 
 9.492E-08  5.881E-03  1.800E+00  1.801E+00 
 9.494E-08  5.020E-03  1.800E+00  1.801E+00 
 9.495E-08  4.714E-03  1.800E+00  1.801E+00 
 9.498E-08  2.823E-03  1.800E+00  1.800E+00 
 9.499E-08  2.153E-03  1.800E+00  1.800E+00 
 9.500E-08  1.868E-03  1.800E+00  1.800E+00 
 9.501E-08  1.657E-03  1.800E+00  1.800E+00 
 9.501E-08  1.515E-03  1.800E+00  1.800E+00 
 9.503E-08  1.072E-03  1.800E+00  1.800E+00 
 9.508E-08  3.205E-04  1.800E+00  1.800E+00 
 9.512E-08  8.966E-05  1.800E+00  1.800E+00 
 9.519E-08  2.603E-05  1.800E+00  1.800E+00 
 9.525E-08  9.012E-07  1.800E+00  1.800E+00 
 9.537E-08  3.042E-06  1.800E+00  1.800E+00 
 9.553E-08 -1.351E-06  1.800E+00  1.800E+00 
 9.587E-08  2.345E-06  1.800E+00  1.800E+00 
 9.668E-08 -1.136E-06  1.800E+00  1.800E+00 
 9.926E-08  2.248E-06  1.800E+00  1.800E+00 
 1.075E-07 -1.118E-06  1.800E+00  1.800E+00 
 1.211E-07  2.236E-06  1.800E+00  1.800E+00 
 1.361E-07 -1.110E-06  1.800E+00  1.800E+00 
 1.450E-07  2.227E-06  1.800E+00  1.800E+00 
 1.451E-07  5.949E-05  1.800E+00  1.800E+00 
 1.452E-07  2.986E-05  1.800E+00  1.800E+00 
 1.454E-07 -3.844E-05  1.800E+00  1.800E+00 
 1.454E-07 -3.508E-04  1.800E+00  1.800E+00 
 1.455E-07 -4.365E-03  1.800E+00  1.800E+00 
 1.456E-07 -1.088E-02  1.800E+00  1.800E+00 
 1.456E-07 -1.467E-03  1.800E+00  1.800E+00 
 1.456E-07  1.410E-01  1.800E+00  1.800E+00 
 1.457E-07  3.957E-01  1.800E+00  1.800E+00 
 1.457E-07  6.986E-01  1.800E+00  1.800E+00 
 1.457E-07  1.159E+00  1.800E+00  1.800E+00 
 1.457E-07  1.437E+00  1.800E+00  1.799E+00 
 1.457E-07  1.566E+00  1.800E+00  1.799E+00 
 1.458E-07  1.649E+00  1.800E+00  1.798E+00 
 1.458E-07  1.692E+00  1.800E+00  1.798E+00 
 1.458E-07  1.722E+00  1.800E+00  1.798E+00 
 1.458E-07  1.744E+00  1.800E+00  1.799E+00 
 1.458E-07  1.769E+00  1.800E+00  1.799E+00 
 1.458E-07  1.780E+00  1.800E+00  1.799E+00 
 1.459E-07  1.790E+00  1.800E+00  1.800E+00 
 1.459E-07  1.794E+00  1.800E+00  1.800E+00 
 1.459E-07  1.795E+00  1.800E+00  1.800E+00 
 1.459E-07  1.796E+00  1.800E+00  1.800E+00 
 1.459E-07  1.798E+00  1.800E+00  1.800E+00 
 1.459E-07  1.799E+00  1.800E+00  1.800E+00 
 1.460E-07  1.800E+00  1.800E+00  1.800E+00 
 1.460E-07  1.800E+00  1.800E+00  1.800E+00 
 1.460E-07  1.800E+00  1.800E+00  1.800E+00 
 1.460E-07  1.800E+00  1.800E+00  1.800E+00 
 1.461E-07  1.800E+00  1.800E+00  1.800E+00 
 1.461E-07  1.800E+00  1.800E+00  1.800E+00 
 1.462E-07  1.800E+00  1.800E+00  1.800E+00 
 1.463E-07  1.800E+00  1.800E+00  1.800E+00 
 1.465E-07  1.800E+00  1.800E+00  1.800E+00 
 1.470E-07  1.800E+00  1.800E+00  1.800E+00 
 1.481E-07  1.800E+00  1.800E+00  1.800E+00 
 1.507E-07  1.800E+00  1.800E+00  1.800E+00 
 1.570E-07  1.800E+00  1.800E+00  1.800E+00 
 1.713E-07  1.800E+00  1.800E+00  1.800E+00 
 1.790E-07  1.800E+00  1.800E+00  1.800E+00 
 1.791E-07  1.800E+00  1.800E+00  1.800E+00 
 1.792E-07  1.800E+00  1.800E+00  1.800E+00 
 1.793E-07  1.800E+00  1.800E+00  1.800E+00 
 1.796E-07  1.800E+00  1.800E+00  1.822E+00 
 1.797E-07  1.800E+00  1.800E+00  1.765E+00 
 1.797E-07  1.800E+00  1.800E+00  1.429E+00 
 1.797E-07  1.800E+00  1.800E+00  8.818E-01 
 1.798E-07  1.800E+00  1.800E+00  3.469E-01 
 1.798E-07  1.801E+00  1.800E+00  1.395E-01 
 1.798E-07  1.801E+00  1.800E+00  2.465E-02 
 1.798E-07  1.800E+00  1.800E+00  1.380E-02 
 1.798E-07  1.800E+00  1.800E+00  6.687E-03 
 1.798E-07  1.799E+00  1.800E+00  4.361E-03 
 1.799E-07  1.800E+00  1.800E+00  2.518E-03 
 1.799E-07  1.800E+00  1.800E+00  1.733E-03 
 1.799E-07  1.800E+00  1.800E+00  1.253E-03 
 1.800E-07  1.800E+00  1.800E+00  9.095E-04 
 1.800E-07  1.800E+00  1.800E+00  8.595E-04 
 1.800E-07  1.800E+00  1.800E+00  1.093E-03 
 1.800E-07  1.800E+00  1.800E+00  1.174E-03 
 1.800E-07  1.800E+00  1.800E+00  1.371E-03 
 1.801E-07  1.800E+00  1.800E+00  1.544E-03 
 1.801E-07  1.800E+00  1.800E+00  1.609E-03 
 1.801E-07  1.800E+00  1.800E+00  1.584E-03 
 1.801E-07  1.800E+00  1.800E+00  1.516E-03 
 1.801E-07  1.800E+00  1.800E+00  1.485E-03 
 1.801E-07  1.800E+00  1.800E+00  1.433E-03 
 1.802E-07  1.800E+00  1.800E+00  1.328E-03 
 1.802E-07  1.800E+00  1.800E+00  1.140E-03 
 1.802E-07  1.800E+00  1.800E+00  9.015E-04 
 1.803E-07  1.800E+00  1.800E+00  6.519E-04 
 1.803E-07  1.800E+00  1.800E+00  4.230E-04 
 1.804E-07  1.800E+00  1.800E+00  2.296E-04 
 1.804E-07  1.800E+00  1.800E+00  1.122E-04 
 1.805E-07  1.800E+00  1.800E+00  5.281E-05 
 1.806E-07  1.800E+00  1.800E+00  3.308E-05 
 1.807E-07  1.800E+00  1.800E+00  2.550E-05 
 1.808E-07  1.800E+00  1.800E+00  2.200E-05 
 1.809E-07  1.800E+00  1.800E+00  1.857E-05 
 1.813E-07  1.800E+00  1.800E+00  1.583E-05 
 1.821E-07  1.800E+00  1.800E+00  1.348E-05 
 1.830E-07  1.800E+00  1.800E+00  1.250E-05 
 1.844E-07  1.800E+00  1.800E+00  1.198E-05 
 1.860E-07  1.800E+00  1.800E+00  1.148E-05 
 1.888E-07  1.800E+00  1.800E+00  1.122E-05 
 1.927E-07  1.800E+00  1.800E+00  1.094E-05 
 1.940E-07  1.800E+00  1.800E+00  1.097E-05 
 1.940E-07  1.800E+00  1.800E+00  2.011E-06 
 1.941E-07  1.800E+00  1.800E+00 -1.582E-08 
 1.942E-07  1.800E+00  1.800E+00  7.169E-07 
 1.943E-07  1.800E+00  1.800E+00  1.592E-07 
 1.944E-07  1.800E+00  1.800E+00  5.519E-07 
 1.946E-07  1.816E+00  1.800E+00  3.417E-07 
 1.947E-07  1.831E+00  1.800E+00  6.178E-07 
 1.947E-07  1.718E+00  1.800E+00 -1.304E-05 
 1.947E-07  1.520E+00  1.800E+00 -3.912E-05 
 1.947E-07  1.241E+00  1.800E+00 -7.610E-05 
 1.948E-07  8.003E-01  1.800E+00  2.982E-05 
 1.948E-07  1.828E-01  1.800E+00  1.140E-03 
 1.948E-07  5.619E-02  1.800E+00  1.616E-03 
 1.948E-07  2.029E-02  1.800E+00  1.499E-03 
 1.948E-07  1.245E-02  1.800E+00  7.640E-04 
 1.949E-07  1.112E-02  1.800E+00  8.603E-05 
 1.949E-07  9.176E-03  1.800E+00 -9.733E-04 
 1.949E-07  8.607E-03  1.800E+00 -1.480E-03 
 1.949E-07  7.859E-03  1.800E+00 -1.322E-03 
 1.949E-07  6.656E-03  1.800E+00 -9.513E-04 
 1.950E-07  5.549E-03  1.800E+00 -6.049E-04 
 1.950E-07  5.114E-03  1.800E+00 -3.491E-04 
 1.950E-07  4.375E-03  1.800E+00 -1.921E-04 
 1.950E-07  3.718E-03  1.800E+00 -1.544E-04 
 1.950E-07  3.259E-03  1.800E+00 -1.354E-04 
 1.950E-07  2.927E-03  1.800E+00 -1.235E-04 
 1.950E-07  1.966E-03  1.800E+00 -9.291E-05 
 1.951E-07  7.806E-04  1.800E+00 -4.697E-05 
 1.951E-07  2.142E-04  1.800E+00 -2.045E-05 
 1.952E-07 -1.334E-04  1.800E+00 -8.211E-06 
 1.952E-07 -1.682E-04  1.799E+00 -1.360E-06 
 1.952E-07 -1.610E-04  1.798E+00 -4.214E-07 
 1.952E-07 -4.468E-05  1.813E+00  3.970E-06 
 1.953E-07  1.027E-04  1.844E+00  7.246E-06 
 1.953E-07  2.276E-04  1.885E+00  8.731E-06 
 1.953E-07  1.099E-04  1.866E+00 -4.000E-07 
 1.953E-07  3.022E-05  1.758E+00 -4.014E-06 
 1.953E-07 -6.118E-05  1.584E+00 -6.754E-06 
 1.953E-07 -9.946E-05  1.352E+00 -6.831E-06 
 1.953E-07 -1.211E-04  1.052E+00 -5.531E-06 
 1.953E-07 -1.505E-04  3.430E-01 -4.174E-06 
 1.954E-07 -1.545E-04  1.692E-01 -3.430E-06 
 1.954E-07 -1.541E-04  5.911E-02 -2.572E-06 
 1.954E-07 -1.491E-04  1.416E-02 -1.514E-06 
 1.954E-07 -1.355E-04  3.852E-03 -3.135E-07 
 1.954E-07 -1.230E-04  3.182E-03  3.604E-07 
 1.954E-07 -1.080E-04  2.155E-03  9.097E-07 
 1.954E-07 -8.960E-05  1.270E-03  1.282E-06 
 1.954E-07 -7.784E-05  8.509E-04  1.377E-06 
 1.954E-07 -6.654E-05  5.722E-04  1.395E-06 
 1.955E-07 -5.124E-05  2.672E-04  1.309E-06 
 1.955E-07 -4.369E-05  1.844E-04  1.205E-06 
 1.955E-07 -3.353E-05  7.032E-05  1.031E-06 
 1.955E-07 -2.604E-05  4.281E-05  8.832E-07 
 1.956E-07 -1.815E-05  9.247E-07  7.449E-07 
 1.956E-07 -1.238E-05  1.258E-05  6.588E-07 
 1.956E-07 -1.014E-05  1.622E-06  6.367E-07 
 1.957E-07 -7.673E-06  4.686E-07  6.116E-07 
 1.957E-07 -3.716E-06 -7.940E-07  5.821E-07 
 1.959E-07 -1.027E-06 -2.645E-07  5.704E-07 
 1.960E-07 -1.537E-07 -6.264E-07  5.644E-07 
 1.962E-07  8.980E-08 -3.758E-07  5.735E-07 
 1.964E-07  1.218E-07 -5.959E-07  5.605E-07 
 1.969E-07  1.789E-07 -3.958E-07  5.739E-07 
 1.977E-07  1.999E-07 -5.872E-07  5.605E-07 
 1.988E-07  2.104E-07 -4.009E-07  5.738E-07 
 2.003E-07  2.154E-07 -5.840E-07  5.606E-07 
 2.024E-07  2.155E-07 -4.034E-07  5.737E-07 
 2.055E-07  2.188E-07 -5.823E-07  5.607E-07 
 2.101E-07  2.166E-07 -4.045E-07  5.736E-07 
 2.167E-07  2.197E-07 -5.815E-07  5.607E-07 
 2.261E-07  2.168E-07 -4.051E-07  5.736E-07 
 2.398E-07  2.199E-07 -5.811E-07  5.607E-07 
 2.450E-07  2.167E-07 -4.056E-07  5.736E-07 
 2.451E-07  5.902E-05  1.435E-07  2.430E-07 
 2.452E-07  3.604E-05 -3.966E-08 -7.453E-08 
 2.453E-07  9.926E-07  3.910E-08  6.505E-08 
 2.454E-07 -9.448E-05  9.715E-09  1.207E-08 
 2.454E-07 -3.042E-04  1.033E-09 -3.253E-08 
 2.455E-07 -3.366E-03  5.460E-09 -1.867E-08 
 2.455E-07 -8.032E-03  9.317E-10 -3.890E-07 
 2.456E-07 -1.268E-02  7.527E-09  4.741E-07 
 2.456E-07  9.477E-02  3.909E-08  1.597E-05 
 2.456E-07  3.333E-01  5.476E-08  3.699E-05 
 2.457E-07  6.862E-01 -8.583E-08  3.045E-05 
 2.457E-07  1.039E+00 -9.660E-07 -1.679E-04 
 2.457E-07  1.360E+00 -1.923E-06 -6.822E-04 
 2.457E-07  1.510E+00 -2.585E-07 -9.982E-04 
 2.457E-07  1.614E+00 -6.151E-07 -1.749E-03 
 2.458E-07  1.668E+00  2.428E-06 -2.044E-03 
 2.458E-07  1.710E+00  8.615E-06 -7.834E-04 
 2.458E-07  1.737E+00  4.521E-06  8.972E-04 
 2.458E-07  1.759E+00 -2.911E-06  1.749E-03 
 2.458E-07  1.777E+00 -9.618E-06  1.800E-03 
 2.458E-07  1.787E+00 -8.748E-06  1.433E-03 
 2.458E-07  1.788E+00 -7.209E-06  1.283E-03 
 2.459E-07  1.791E+00 -2.878E-06  1.029E-03 
 2.459E-07  1.796E+00  8.271E-06  5.452E-04 
 2.459E-07  1.797E+00  6.206E-06  2.894E-04 
 2.459E-07  1.799E+00  6.475E-07  6.448E-05 
 2.459E-07  1.799E+00 -7.979E-07 -1.561E-06 
 2.460E-07  1.800E+00 -7.860E-07 -3.536E-05 
 2.460E-07  1.800E+00 -5.095E-07 -3.947E-05 
 2.460E-07  1.800E+00 -3.602E-07 -3.501E-05 
 2.460E-07  1.800E+00 -3.142E-07 -3.323E-05 
 2.461E-07  1.800E+00 -2.021E-07 -2.728E-05 
 2.461E-07  1.800E+00  1.153E-09 -1.247E-05 
 2.462E-07  1.800E+00  3.398E-09 -3.748E-06 
 2.463E-07  1.800E+00  6.969E-09  1.515E-06 
 2.464E-07  1.800E+00  2.521E-09  2.071E-06 
 2.466E-07  1.800E+00 -2.664E-09  2.299E-06 
 2.469E-07  1.800E+00 -2.215E-09  2.213E-06 
 2.472E-07  1.800E+00 -3.745E-09  2.238E-06 
 2.476E-07  1.800E+00 -2.837E-09  2.208E-06 
 2.484E-07  1.800E+00 -3.526E-09  2.205E-06 
 2.494E-07  1.800E+00 -3.032E-09  2.178E-06 
 2.509E-07  1.800E+00 -3.385E-09  2.160E-06 
 2.529E-07  1.800E+00 -3.136E-09  2.128E-06 
 2.559E-07  1.800E+00 -3.309E-09  2.099E-06 
 2.602E-07  1.800E+00 -3.189E-09  2.062E-06 
 2.665E-07  1.800E+00 -3.272E-09  2.029E-06 
 2.754E-07  1.800E+00 -3.214E-09  1.995E-06 
 2.885E-07  1.800E+00 -3.254E-09  1.967E-06 
 2.940E-07  1.800E+00 -3.239E-09  1.958E-06 
 2.941E-07  1.800E+00  3.746E-09  1.787E-07 
 2.942E-07  1.800E+00  3.528E-09  5.538E-08 
 2.943E-07  1.800E+00  2.998E-09  1.137E-07 
 2.945E-07  1.805E+00  3.550E-09  7.578E-08 
 2.946E-07  1.824E+00  3.409E-09  6.120E-07 
 2.947E-07  1.805E+00 -4.020E-09 -3.830E-06 
 2.947E-07  1.630E+00 -3.233E-08 -2.268E-05 
 2.947E-07  1.354E+00 -7.585E-08 -5.178E-05 
 2.948E-07  9.011E-01  1.461E-07 -3.539E-05 
 2.948E-07  3.332E-01  2.735E-06  6.991E-04 
 2.948E-07  6.728E-02  1.695E-06  1.516E-03 
 2.948E-07  2.768E-02 -1.322E-06  1.549E-03 
 2.948E-07  1.216E-02 -2.334E-06  1.067E-03 
 2.949E-07  1.152E-02 -2.020E-06  6.826E-04 
 2.949E-07  9.569E-03 -1.776E-06 -2.050E-04 
 2.949E-07  9.374E-03 -2.087E-06 -4.104E-04 
 2.949E-07  9.190E-03 -2.794E-06 -7.504E-04 
 2.949E-07  8.499E-03 -3.050E-06 -1.689E-03 
 2.949E-07  7.910E-03 -8.417E-06 -1.639E-03 
 2.949E-07  6.901E-03  1.426E-06 -1.143E-03 
 2.950E-07  5.486E-03  1.230E-05 -7.200E-04 
 2.950E-07  4.776E-03  1.452E-05 -4.292E-04 
 2.950E-07  4.226E-03  4.067E-06 -2.327E-04 
 2.950E-07  3.806E-03 -1.428E-06 -1.839E-04 
 2.950E-07  3.388E-03 -3.070E-06 -1.535E-04 
 2.950E-07  3.101E-03 -3.782E-06 -1.370E-04 
 2.950E-07  2.193E-03 -3.469E-06 -1.010E-04 
 2.951E-07  9.211E-04 -1.227E-06 -5.364E-05 
 2.951E-07  3.463E-04  5.677E-09 -2.365E-05 
 2.952E-07  8.841E-05  4.054E-08 -4.507E-06 
 2.952E-07  2.965E-05  8.510E-08  2.632E-06 
 2.953E-07 -2.580E-06  1.814E-08  1.562E-06 
 2.954E-07  1.308E-06  2.603E-08  3.406E-06 
 2.955E-07 -1.495E-06 -3.965E-10  2.405E-06 
 2.957E-07  1.638E-06  1.273E-08  3.087E-06 
 2.960E-07 -1.017E-06 -7.706E-10  2.566E-06 
 2.964E-07  1.482E-06  1.142E-08  3.008E-06 
 2.974E-07 -9.272E-07 -3.744E-10  2.604E-06 
 2.997E-07  1.433E-06  1.122E-08  2.992E-06 
 3.000E-07 -8.121E-07 -4.113E-11  2.639E-06 
