#format table ## [Custom WaveView] saved 00:13:10 Mon May 20 2024
TIME clk d q 
 0.000E+00  3.285E-09  3.285E-09  3.285E-09 
 1.000E-12  3.285E-09  3.285E-09  3.285E-09 
 2.000E-12  3.285E-09  3.285E-09  3.285E-09 
 5.200E-12  3.285E-09  3.285E-09  3.285E-09 
 1.544E-11  3.285E-09  3.285E-09  3.285E-09 
 4.821E-11  3.285E-09  3.285E-09  3.285E-09 
 1.531E-10  3.285E-09  3.285E-09  3.285E-09 
 4.886E-10  3.285E-09  3.285E-09  3.285E-09 
 1.562E-09  3.285E-09  3.285E-09  3.285E-09 
 4.998E-09  3.285E-09  3.285E-09  3.285E-09 
 1.599E-08  3.285E-09  3.285E-09  3.285E-09 
 3.099E-08  3.285E-09  3.285E-09  3.285E-09 
 4.000E-08  3.285E-09  3.285E-09  3.285E-09 
 4.015E-08  3.391E-09  5.287E-05  3.285E-09 
 4.020E-08 -4.892E-10  2.859E-05  3.285E-09 
 4.038E-08  8.102E-09 -1.101E-04  3.285E-09 
 4.053E-08 -6.820E-08 -7.019E-03  3.285E-09 
 4.058E-08  7.572E-07 -4.701E-03  3.269E-09 
 4.063E-08  2.645E-05  2.085E-01  2.681E-09 
 4.066E-08  4.438E-05  5.696E-01 -1.363E-09 
 4.068E-08  5.745E-05  9.876E-01 -1.533E-08 
 4.070E-08  6.990E-05  1.341E+00  2.462E-08 
 4.072E-08 -1.790E-05  1.542E+00  1.867E-08 
 4.073E-08 -5.313E-05  1.648E+00  3.539E-08 
 4.076E-08 -4.910E-05  1.744E+00 -2.418E-08 
 4.078E-08 -3.659E-05  1.770E+00 -6.370E-09 
 4.081E-08 -2.172E-05  1.789E+00 -7.852E-09 
 4.084E-08 -1.234E-05  1.796E+00  1.737E-09 
 4.088E-08 -5.872E-06  1.799E+00 -2.410E-09 
 4.092E-08 -4.164E-06  1.800E+00 -8.783E-09 
 4.099E-08 -1.066E-05  1.800E+00 -4.211E-08 
 4.100E-08 -1.298E-05  1.800E+00 -5.278E-08 
 4.102E-08 -1.921E-05  1.800E+00 -8.357E-08 
 4.102E-08 -2.128E-05  1.800E+00 -9.816E-08 
 4.104E-08 -2.967E-05  1.800E+00 -1.383E-07 
 4.110E-08 -9.581E-05  1.800E+00 -5.073E-07 
 4.115E-08 -2.509E-04  1.800E+00 -1.747E-06 
 4.120E-08 -5.994E-04  1.800E+00 -5.271E-06 
 4.123E-08 -6.202E-04  1.800E+00 -1.073E-05 
 4.127E-08  4.127E-05  1.800E+00  5.713E-05 
 4.129E-08  2.859E-04  1.800E+00  4.455E-04 
 4.132E-08  2.045E-04  1.800E+00  9.680E-04 
 4.134E-08  3.277E-04  1.800E+00  1.128E-03 
 4.137E-08  4.361E-04  1.800E+00 -2.196E-03 
 4.139E-08  4.105E-04  1.800E+00 -1.824E-02 
 4.140E-08  3.751E-04  1.800E+00 -3.934E-02 
 4.142E-08  3.116E-04  1.800E+00 -1.392E-02 
 4.143E-08  2.448E-04  1.800E+00  1.899E-01 
 4.145E-08  1.905E-04  1.800E+00  5.889E-01 
 4.146E-08  1.525E-04  1.800E+00  1.000E+00 
 4.147E-08  1.143E-04  1.800E+00  1.414E+00 
 4.148E-08  9.553E-05  1.800E+00  1.567E+00 
 4.150E-08  7.203E-05  1.800E+00  1.684E+00 
 4.151E-08  5.636E-05  1.800E+00  1.734E+00 
 4.152E-08  4.823E-05  1.800E+00  1.757E+00 
 4.153E-08  4.220E-05  1.800E+00  1.771E+00 
 4.154E-08  3.602E-05  1.800E+00  1.783E+00 
 4.156E-08  2.875E-05  1.800E+00  1.794E+00 
 4.157E-08  2.623E-05  1.800E+00  1.796E+00 
 4.158E-08  2.328E-05  1.800E+00  1.798E+00 
 4.158E-08  2.255E-05  1.800E+00  1.798E+00 
 4.159E-08  2.084E-05  1.800E+00  1.799E+00 
 4.161E-08  1.739E-05  1.800E+00  1.799E+00 
 4.165E-08  1.025E-05  1.800E+00  1.800E+00 
 4.167E-08  7.270E-06  1.800E+00  1.800E+00 
 4.171E-08  4.033E-06  1.800E+00  1.800E+00 
 4.175E-08  2.146E-06  1.800E+00  1.800E+00 
 4.181E-08  8.828E-07  1.800E+00  1.800E+00 
 4.191E-08  5.948E-08  1.800E+00  1.800E+00 
 4.207E-08  6.216E-07  1.800E+00  1.800E+00 
 4.239E-08  2.245E-08  1.800E+00  1.800E+00 
 4.280E-08  5.336E-07  1.800E+00  1.800E+00 
 4.338E-08  5.524E-08  1.800E+00  1.800E+00 
 4.413E-08  5.025E-07  1.800E+00  1.800E+00 
 4.500E-08  7.400E-08  1.800E+00  1.800E+00 
 4.503E-08  1.170E-04  1.800E+00  1.800E+00 
 4.506E-08  1.033E-04  1.800E+00  1.800E+00 
 4.514E-08 -1.283E-05  1.800E+00  1.800E+00 
 4.526E-08  2.955E-05  1.800E+00  1.800E+00 
 4.537E-08 -1.064E-04  1.800E+00  1.800E+00 
 4.555E-08 -9.768E-03  1.800E+00  1.800E+00 
 4.559E-08  2.393E-02  1.800E+00  1.800E+00 
 4.562E-08  1.835E-01  1.800E+00  1.800E+00 
 4.564E-08  4.450E-01  1.800E+00  1.800E+00 
 4.567E-08  8.390E-01  1.800E+00  1.800E+00 
 4.569E-08  1.251E+00  1.800E+00  1.800E+00 
 4.571E-08  1.481E+00  1.798E+00  1.800E+00 
 4.573E-08  1.600E+00  1.796E+00  1.800E+00 
 4.575E-08  1.671E+00  1.792E+00  1.800E+00 
 4.576E-08  1.710E+00  1.789E+00  1.800E+00 
 4.578E-08  1.734E+00  1.789E+00  1.800E+00 
 4.579E-08  1.754E+00  1.790E+00  1.800E+00 
 4.581E-08  1.773E+00  1.794E+00  1.800E+00 
 4.583E-08  1.783E+00  1.796E+00  1.800E+00 
 4.585E-08  1.792E+00  1.797E+00  1.800E+00 
 4.587E-08  1.796E+00  1.797E+00  1.800E+00 
 4.589E-08  1.798E+00  1.797E+00  1.800E+00 
 4.591E-08  1.799E+00  1.798E+00  1.800E+00 
 4.594E-08  1.800E+00  1.798E+00  1.800E+00 
 4.597E-08  1.800E+00  1.799E+00  1.800E+00 
 4.600E-08  1.800E+00  1.799E+00  1.800E+00 
 4.602E-08  1.800E+00  1.799E+00  1.800E+00 
 4.603E-08  1.800E+00  1.799E+00  1.800E+00 
 4.605E-08  1.800E+00  1.800E+00  1.800E+00 
 4.612E-08  1.800E+00  1.800E+00  1.800E+00 
 4.620E-08  1.800E+00  1.800E+00  1.800E+00 
 4.632E-08  1.800E+00  1.800E+00  1.800E+00 
 4.649E-08  1.800E+00  1.800E+00  1.800E+00 
 4.672E-08  1.800E+00  1.800E+00  1.800E+00 
 4.704E-08  1.800E+00  1.800E+00  1.800E+00 
 4.747E-08  1.800E+00  1.800E+00  1.800E+00 
 4.808E-08  1.800E+00  1.800E+00  1.800E+00 
 4.894E-08  1.800E+00  1.800E+00  1.800E+00 
 5.016E-08  1.800E+00  1.800E+00  1.800E+00 
 5.187E-08  1.800E+00  1.800E+00  1.800E+00 
 5.431E-08  1.800E+00  1.800E+00  1.800E+00 
 5.780E-08  1.800E+00  1.800E+00  1.800E+00 
 6.279E-08  1.800E+00  1.800E+00  1.800E+00 
 6.994E-08  1.800E+00  1.800E+00  1.800E+00 
 8.020E-08  1.800E+00  1.800E+00  1.800E+00 
 9.400E-08  1.800E+00  1.800E+00  1.800E+00 
 9.412E-08  1.800E+00  1.800E+00  1.800E+00 
 9.419E-08  1.800E+00  1.800E+00  1.800E+00 
 9.441E-08  1.800E+00  1.800E+00  1.800E+00 
 9.449E-08  1.801E+00  1.800E+00  1.800E+00 
 9.451E-08  1.802E+00  1.800E+00  1.800E+00 
 9.459E-08  1.812E+00  1.800E+00  1.800E+00 
 9.462E-08  1.820E+00  1.800E+00  1.800E+00 
 9.468E-08  1.834E+00  1.800E+00  1.800E+00 
 9.472E-08  1.596E+00  1.800E+00  1.800E+00 
 9.476E-08  1.159E+00  1.800E+00  1.800E+00 
 9.478E-08  7.596E-01  1.800E+00  1.800E+00 
 9.480E-08  1.833E-01  1.801E+00  1.800E+00 
 9.482E-08  4.190E-02  1.801E+00  1.800E+00 
 9.484E-08  1.987E-02  1.802E+00  1.800E+00 
 9.486E-08  1.299E-02  1.802E+00  1.800E+00 
 9.487E-08  1.129E-02  1.801E+00  1.800E+00 
 9.489E-08  9.355E-03  1.801E+00  1.800E+00 
 9.491E-08  8.426E-03  1.800E+00  1.800E+00 
 9.494E-08  6.796E-03  1.800E+00  1.800E+00 
 9.495E-08  5.373E-03  1.801E+00  1.800E+00 
 9.497E-08  4.911E-03  1.801E+00  1.800E+00 
 9.498E-08  4.403E-03  1.801E+00  1.800E+00 
 9.500E-08  3.468E-03  1.800E+00  1.800E+00 
 9.500E-08  3.206E-03  1.800E+00  1.800E+00 
 9.501E-08  2.932E-03  1.800E+00  1.800E+00 
 9.501E-08  2.692E-03  1.800E+00  1.800E+00 
 9.503E-08  2.055E-03  1.800E+00  1.800E+00 
 9.506E-08  8.197E-04  1.800E+00  1.800E+00 
 9.510E-08  2.956E-04  1.800E+00  1.800E+00 
 9.515E-08  8.268E-05  1.800E+00  1.800E+00 
 9.521E-08  3.000E-05  1.800E+00  1.800E+00 
 9.528E-08  1.113E-06  1.800E+00  1.800E+00 
 9.539E-08  3.329E-06  1.800E+00  1.800E+00 
 9.556E-08 -1.095E-06  1.800E+00  1.800E+00 
 9.588E-08  2.615E-06  1.800E+00  1.800E+00 
 9.668E-08 -8.829E-07  1.800E+00  1.800E+00 
 9.926E-08  2.511E-06  1.800E+00  1.800E+00 
 1.035E-07 -8.603E-07  1.800E+00  1.800E+00 
 1.093E-07  2.487E-06  1.800E+00  1.800E+00 
 1.169E-07 -8.461E-07  1.800E+00  1.800E+00 
 1.277E-07  2.476E-06  1.800E+00  1.800E+00 
 1.427E-07 -8.383E-07  1.800E+00  1.800E+00 
 1.450E-07  2.450E-06  1.800E+00  1.800E+00 
 1.450E-07  1.188E-04  1.800E+00  1.800E+00 
 1.451E-07  7.898E-05  1.800E+00  1.800E+00 
 1.452E-07 -2.586E-05  1.800E+00  1.800E+00 
 1.453E-07  3.091E-05  1.800E+00  1.800E+00 
 1.454E-07 -7.290E-04  1.800E+00  1.800E+00 
 1.455E-07 -5.546E-03  1.800E+00  1.800E+00 
 1.456E-07 -1.255E-02  1.800E+00  1.800E+00 
 1.456E-07  1.464E-02  1.800E+00  1.800E+00 
 1.456E-07  1.333E-01  1.800E+00  1.800E+00 
 1.456E-07  3.256E-01  1.800E+00  1.800E+00 
 1.457E-07  6.294E-01  1.800E+00  1.800E+00 
 1.457E-07  1.052E+00  1.800E+00  1.800E+00 
 1.457E-07  1.378E+00  1.799E+00  1.800E+00 
 1.457E-07  1.528E+00  1.799E+00  1.800E+00 
 1.457E-07  1.623E+00  1.798E+00  1.800E+00 
 1.458E-07  1.677E+00  1.798E+00  1.800E+00 
 1.458E-07  1.715E+00  1.798E+00  1.800E+00 
 1.458E-07  1.738E+00  1.798E+00  1.800E+00 
 1.458E-07  1.761E+00  1.799E+00  1.800E+00 
 1.458E-07  1.776E+00  1.799E+00  1.800E+00 
 1.458E-07  1.786E+00  1.800E+00  1.800E+00 
 1.459E-07  1.793E+00  1.800E+00  1.800E+00 
 1.459E-07  1.796E+00  1.800E+00  1.800E+00 
 1.459E-07  1.798E+00  1.800E+00  1.800E+00 
 1.459E-07  1.799E+00  1.800E+00  1.800E+00 
 1.460E-07  1.800E+00  1.800E+00  1.800E+00 
 1.460E-07  1.800E+00  1.800E+00  1.800E+00 
 1.460E-07  1.800E+00  1.800E+00  1.800E+00 
 1.460E-07  1.800E+00  1.800E+00  1.800E+00 
 1.460E-07  1.800E+00  1.800E+00  1.800E+00 
 1.460E-07  1.800E+00  1.800E+00  1.800E+00 
 1.461E-07  1.800E+00  1.800E+00  1.800E+00 
 1.462E-07  1.800E+00  1.800E+00  1.800E+00 
 1.463E-07  1.800E+00  1.800E+00  1.800E+00 
 1.464E-07  1.800E+00  1.800E+00  1.800E+00 
 1.468E-07  1.800E+00  1.800E+00  1.800E+00 
 1.479E-07  1.800E+00  1.800E+00  1.800E+00 
 1.511E-07  1.800E+00  1.800E+00  1.800E+00 
 1.605E-07  1.800E+00  1.800E+00  1.800E+00 
 1.755E-07  1.800E+00  1.800E+00  1.800E+00 
 1.890E-07  1.800E+00  1.800E+00  1.800E+00 
 1.891E-07  1.800E+00  1.800E+00  1.800E+00 
 1.892E-07  1.800E+00  1.800E+00  1.800E+00 
 1.894E-07  1.800E+00  1.800E+00  1.800E+00 
 1.895E-07  1.800E+00  1.802E+00  1.800E+00 
 1.896E-07  1.800E+00  1.815E+00  1.800E+00 
 1.897E-07  1.800E+00  1.830E+00  1.800E+00 
 1.897E-07  1.800E+00  1.794E+00  1.800E+00 
 1.897E-07  1.800E+00  1.638E+00  1.800E+00 
 1.897E-07  1.800E+00  1.399E+00  1.800E+00 
 1.898E-07  1.800E+00  9.935E-01  1.800E+00 
 1.898E-07  1.800E+00  4.296E-01  1.800E+00 
 1.898E-07  1.801E+00  1.189E-01  1.800E+00 
 1.898E-07  1.801E+00  4.053E-02  1.800E+00 
 1.898E-07  1.800E+00  1.385E-02  1.800E+00 
 1.899E-07  1.800E+00  7.777E-03  1.800E+00 
 1.899E-07  1.799E+00  4.313E-03  1.800E+00 
 1.899E-07  1.800E+00  2.581E-03  1.800E+00 
 1.899E-07  1.800E+00  1.674E-03  1.800E+00 
 1.900E-07  1.800E+00  1.290E-03  1.800E+00 
 1.900E-07  1.800E+00  9.248E-04  1.800E+00 
 1.900E-07  1.800E+00  9.696E-04  1.800E+00 
 1.900E-07  1.800E+00  9.899E-04  1.800E+00 
 1.900E-07  1.800E+00  1.118E-03  1.800E+00 
 1.901E-07  1.800E+00  1.346E-03  1.800E+00 
 1.901E-07  1.800E+00  1.588E-03  1.800E+00 
 1.901E-07  1.800E+00  1.585E-03  1.800E+00 
 1.901E-07  1.800E+00  1.529E-03  1.800E+00 
 1.901E-07  1.800E+00  1.494E-03  1.800E+00 
 1.902E-07  1.800E+00  1.462E-03  1.800E+00 
 1.902E-07  1.800E+00  1.378E-03  1.800E+00 
 1.902E-07  1.800E+00  1.235E-03  1.800E+00 
 1.902E-07  1.800E+00  1.009E-03  1.800E+00 
 1.903E-07  1.800E+00  7.640E-04  1.800E+00 
 1.903E-07  1.800E+00  5.190E-04  1.800E+00 
 1.904E-07  1.800E+00  3.096E-04  1.800E+00 
 1.904E-07  1.800E+00  1.513E-04  1.800E+00 
 1.904E-07  1.800E+00  1.365E-04  1.800E+00 
 1.905E-07  1.800E+00  1.017E-04  1.800E+00 
 1.906E-07  1.800E+00  4.233E-05  1.800E+00 
 1.907E-07  1.800E+00  1.976E-05  1.800E+00 
 1.908E-07  1.800E+00  1.176E-05  1.800E+00 
 1.910E-07  1.800E+00  1.046E-05  1.800E+00 
 1.913E-07  1.800E+00  7.008E-06  1.800E+00 
 1.919E-07  1.800E+00  6.468E-06  1.800E+00 
 1.927E-07  1.800E+00  3.876E-06  1.800E+00 
 1.940E-07  1.800E+00  4.465E-06  1.800E+00 
 1.940E-07  1.800E+00  2.677E-06  1.800E+00 
 1.941E-07  1.800E+00  1.229E-06  1.800E+00 
 1.942E-07  1.800E+00  1.745E-06  1.800E+00 
 1.943E-07  1.800E+00  1.303E-06  1.800E+00 
 1.944E-07  1.800E+00  1.541E-06  1.800E+00 
 1.946E-07  1.815E+00  1.353E-06  1.800E+00 
 1.947E-07  1.831E+00  1.580E-06  1.800E+00 
 1.947E-07  1.708E+00 -1.280E-05  1.800E+00 
 1.947E-07  1.507E+00 -3.921E-05  1.800E+00 
 1.947E-07  1.226E+00 -7.647E-05  1.800E+00 
 1.948E-07  7.807E-01  4.438E-05  1.800E+00 
 1.948E-07  1.646E-01  1.196E-03  1.800E+00 
 1.948E-07  5.221E-02  1.625E-03  1.800E+00 
 1.948E-07  1.891E-02  1.467E-03  1.800E+00 
 1.948E-07  1.239E-02  7.150E-04  1.800E+00 
 1.949E-07  1.096E-02  9.991E-06  1.800E+00 
 1.949E-07  9.066E-03 -1.055E-03  1.800E+00 
 1.949E-07  8.533E-03 -1.493E-03  1.800E+00 
 1.949E-07  7.711E-03 -1.270E-03  1.800E+00 
 1.949E-07  6.478E-03 -9.097E-04  1.800E+00 
 1.950E-07  5.415E-03 -5.473E-04  1.800E+00 
 1.950E-07  5.044E-03 -3.180E-04  1.800E+00 
 1.950E-07  4.070E-03 -1.652E-04  1.800E+00 
 1.950E-07  3.696E-03 -1.498E-04  1.800E+00 
 1.950E-07  3.254E-03 -1.329E-04  1.800E+00 
 1.950E-07  2.962E-03 -1.232E-04  1.800E+00 
 1.950E-07  2.118E-03 -9.788E-05  1.800E+00 
 1.951E-07  8.717E-04 -5.154E-05  1.800E+00 
 1.951E-07  2.662E-04 -2.214E-05  1.800E+00 
 1.952E-07 -1.063E-04 -8.961E-06  1.800E+00 
 1.952E-07 -1.714E-04 -1.595E-06  1.799E+00 
 1.952E-07 -1.623E-04 -3.516E-07  1.798E+00 
 1.952E-07 -9.043E-05  3.003E-06  1.804E+00 
 1.953E-07  5.592E-05  6.594E-06  1.832E+00 
 1.953E-07  2.124E-04  1.005E-05  1.869E+00 
 1.953E-07  1.958E-04  4.889E-06  1.889E+00 
 1.953E-07 -7.570E-06 -5.592E-06  1.782E+00 
 1.953E-07 -6.829E-05 -6.781E-06  1.586E+00 
 1.953E-07 -1.077E-04 -5.643E-06  1.298E+00 
 1.953E-07 -1.418E-04 -5.181E-06  7.197E-01 
 1.954E-07 -1.554E-04 -2.984E-06  1.866E-01 
 1.954E-07 -1.537E-04 -1.794E-06  4.013E-02 
 1.954E-07 -1.459E-04 -6.825E-07  8.166E-03 
 1.954E-07 -1.327E-04  2.464E-07  4.182E-03 
 1.954E-07 -1.176E-04  9.517E-07  2.820E-03 
 1.954E-07 -1.029E-04  1.385E-06  1.917E-03 
 1.954E-07 -8.692E-05  1.648E-06  1.180E-03 
 1.954E-07 -7.516E-05  1.719E-06  7.991E-04 
 1.954E-07 -6.384E-05  1.722E-06  5.154E-04 
 1.955E-07 -5.248E-05  1.643E-06  3.051E-04 
 1.955E-07 -4.349E-05  1.527E-06  1.789E-04 
 1.955E-07 -4.018E-05  1.470E-06  1.449E-04 
 1.955E-07 -3.506E-05  1.379E-06  9.669E-05 
 1.955E-07 -2.600E-05  1.208E-06  3.601E-05 
 1.956E-07 -1.215E-05  9.726E-07 -2.085E-06 
 1.956E-07 -8.719E-06  9.366E-07  8.723E-07 
 1.957E-07 -4.514E-06  9.077E-07 -7.546E-07 
 1.958E-07 -2.083E-06  9.018E-07  6.597E-07 
 1.959E-07 -5.930E-07  8.921E-07 -6.580E-07 
 1.961E-07 -2.147E-07  8.972E-07  4.446E-07 
 1.963E-07 -8.333E-08  8.876E-07 -5.720E-07 
 1.966E-07  2.517E-08  8.985E-07  3.537E-07 
 1.971E-07  3.429E-09  8.864E-07 -5.418E-07 
 1.980E-07  7.656E-08  8.989E-07  3.235E-07 
 1.993E-07  2.857E-08  8.862E-07 -5.313E-07 
 2.010E-07  8.658E-08  8.990E-07  3.108E-07 
 2.034E-07  3.336E-08  8.861E-07 -5.256E-07 
 2.070E-07  8.863E-08  8.990E-07  3.046E-07 
 2.122E-07  3.451E-08  8.861E-07 -5.229E-07 
 2.198E-07  8.907E-08  8.991E-07  3.017E-07 
 2.306E-07  3.479E-08  8.861E-07 -5.216E-07 
 2.450E-07  8.915E-08  8.991E-07  3.003E-07 
 2.451E-07  5.902E-05  2.497E-07  1.020E-07 
 2.452E-07  2.434E-05 -1.259E-07 -6.974E-08 
 2.454E-07 -2.869E-04  1.128E-07  6.832E-08 
 2.455E-07 -8.737E-03 -1.972E-07 -5.348E-08 
 2.456E-07  6.700E-03  2.387E-06  4.571E-08 
 2.456E-07  1.133E-01  1.416E-05  5.621E-08 
 2.456E-07  2.811E-01  3.246E-05  4.628E-08 
 2.457E-07  6.501E-01  3.589E-05 -3.733E-08 
 2.457E-07  1.076E+00 -2.028E-04 -1.002E-06 
 2.457E-07  1.408E+00 -7.734E-04 -1.872E-06 
 2.457E-07  1.542E+00 -1.108E-03 -3.536E-08 
 2.457E-07  1.635E+00 -2.027E-03 -6.208E-07 
 2.458E-07  1.681E+00 -1.845E-03  4.776E-06 
 2.458E-07  1.723E+00 -4.021E-05  8.549E-06 
 2.458E-07  1.728E+00  2.939E-04  7.003E-06 
 2.458E-07  1.735E+00  7.295E-04  4.830E-06 
 2.458E-07  1.755E+00  1.614E-03 -1.634E-06 
 2.458E-07  1.774E+00  1.828E-03 -8.345E-06 
 2.458E-07  1.785E+00  1.514E-03 -9.265E-06 
 2.459E-07  1.792E+00  9.401E-04 -3.063E-06 
 2.459E-07  1.796E+00  4.413E-04  1.131E-05 
 2.459E-07  1.798E+00  1.841E-04  3.679E-06 
 2.459E-07  1.799E+00  1.915E-05 -5.145E-07 
 2.459E-07  1.799E+00 -2.304E-05 -9.107E-07 
 2.460E-07  1.800E+00 -4.027E-05 -6.706E-07 
 2.460E-07  1.800E+00 -3.940E-05 -4.717E-07 
 2.460E-07  1.800E+00 -3.706E-05 -3.904E-07 
 2.460E-07  1.800E+00 -3.491E-05 -3.312E-07 
 2.460E-07  1.800E+00 -2.899E-05 -2.109E-07 
 2.461E-07  1.800E+00 -1.584E-05 -2.554E-08 
 2.462E-07  1.800E+00 -7.500E-06 -2.717E-09 
 2.463E-07  1.800E+00  3.356E-07  1.918E-08 
 2.464E-07  1.800E+00  2.530E-06  9.046E-10 
 2.465E-07  1.800E+00  1.894E-06  1.221E-08 
 2.468E-07  1.800E+00  2.771E-06 -5.705E-09 
 2.471E-07  1.800E+00  1.795E-06  8.894E-09 
 2.474E-07  1.800E+00  2.619E-06 -5.497E-09 
 2.481E-07  1.800E+00  1.665E-06  8.163E-09 
 2.490E-07  1.800E+00  2.407E-06 -5.318E-09 
 2.503E-07  1.800E+00  1.462E-06  7.941E-09 
 2.522E-07  1.800E+00  2.177E-06 -5.241E-09 
 2.548E-07  1.800E+00  1.255E-06  7.843E-09 
 2.586E-07  1.800E+00  1.972E-06 -5.208E-09 
 2.642E-07  1.800E+00  1.082E-06  7.799E-09 
 2.722E-07  1.800E+00  1.825E-06 -5.194E-09 
 2.838E-07  1.800E+00  9.712E-07  7.778E-09 
 2.940E-07  1.800E+00  1.750E-06 -5.184E-09 
 2.941E-07  1.800E+00  1.673E-07  5.043E-09 
 2.942E-07  1.800E+00  8.431E-08  1.854E-09 
 2.944E-07  1.800E+00  1.219E-07  4.347E-09 
 2.945E-07  1.801E+00  1.138E-07  3.459E-09 
 2.945E-07  1.801E+00  2.049E-07  3.505E-09 
 2.946E-07  1.812E+00  2.270E-07  3.035E-09 
 2.946E-07  1.821E+00  3.393E-07  3.666E-09 
 2.947E-07  1.831E+00 -6.561E-07  1.486E-09 
 2.947E-07  1.697E+00 -1.343E-05 -1.682E-08 
 2.947E-07  1.466E+00 -3.461E-05 -4.690E-08 
 2.948E-07  1.087E+00 -7.720E-05 -1.255E-07 
 2.948E-07  5.277E-01  3.270E-04  1.693E-06 
 2.948E-07  9.270E-02  1.403E-03  2.424E-06 
 2.948E-07  3.528E-02  1.569E-03 -5.335E-07 
 2.948E-07  1.510E-02  1.276E-03 -2.373E-06 
 2.949E-07  1.262E-02  8.736E-04 -2.035E-06 
 2.949E-07  1.067E-02  2.551E-04 -1.771E-06 
 2.949E-07  9.031E-03 -7.846E-04 -2.293E-06 
 2.949E-07  8.426E-03 -1.742E-03 -3.687E-06 
 2.949E-07  7.766E-03 -1.554E-03 -8.361E-06 
 2.949E-07  6.594E-03 -1.052E-03  4.594E-06 
 2.950E-07  5.224E-03 -6.349E-04  1.352E-05 
 2.950E-07  4.682E-03 -3.753E-04  1.351E-05 
 2.950E-07  3.970E-03 -1.939E-04  2.521E-07 
 2.950E-07  3.842E-03 -1.834E-04 -8.776E-07 
 2.950E-07  3.714E-03 -1.694E-04 -2.124E-06 
 2.950E-07  3.532E-03 -1.543E-04 -3.311E-06 
 2.950E-07  3.018E-03 -1.294E-04 -4.291E-06 
 2.950E-07  1.536E-03 -7.755E-05 -2.668E-06 
 2.951E-07  6.700E-04 -4.258E-05 -5.169E-07 
 2.951E-07  1.961E-04 -1.493E-05  7.070E-08 
 2.952E-07  4.939E-05 -3.235E-06  6.815E-08 
 2.952E-07  1.119E-05  3.657E-07  5.483E-08 
 2.953E-07 -3.479E-06  3.915E-07  1.804E-08 
 2.954E-07  6.982E-07  7.559E-07  1.280E-08 
 2.956E-07 -1.169E-06  7.335E-07 -2.070E-11 
 2.958E-07  8.412E-07  6.258E-07  7.851E-09 
 2.961E-07 -8.270E-07  7.826E-07 -7.943E-10 
 2.967E-07  7.203E-07  6.071E-07  7.569E-09 
 2.981E-07 -7.708E-07  7.899E-07 -7.154E-10 
 3.000E-07  6.875E-07  6.043E-07  7.510E-09 
