#format table ## [Custom WaveView] saved 00:15:44 Mon May 20 2024
TIME clk d q 
 0.000E+00  3.285E-09  3.285E-09  3.285E-09 
 1.000E-12  3.285E-09  3.285E-09  3.285E-09 
 2.000E-12  3.285E-09  3.285E-09  3.285E-09 
 5.200E-12  3.285E-09  3.285E-09  3.285E-09 
 1.544E-11  3.285E-09  3.285E-09  3.285E-09 
 4.821E-11  3.285E-09  3.285E-09  3.285E-09 
 1.531E-10  3.285E-09  3.285E-09  3.285E-09 
 4.886E-10  3.285E-09  3.285E-09  3.285E-09 
 1.562E-09  3.285E-09  3.285E-09  3.285E-09 
 4.998E-09  3.285E-09  3.285E-09  3.285E-09 
 1.599E-08  3.285E-09  3.285E-09  3.285E-09 
 3.099E-08  3.285E-09  3.285E-09  3.285E-09 
 4.100E-08  3.285E-09  3.285E-09  3.285E-09 
 4.115E-08  3.391E-09  5.287E-05  3.285E-09 
 4.121E-08 -3.471E-10  2.759E-05  3.285E-09 
 4.139E-08  7.701E-09 -1.612E-04  3.285E-09 
 4.153E-08 -7.771E-08 -6.743E-03  3.285E-09 
 4.158E-08  4.595E-07 -7.554E-03  3.274E-09 
 4.162E-08  2.365E-05  1.708E-01  2.803E-09 
 4.165E-08  4.319E-05  5.180E-01 -7.986E-10 
 4.168E-08  5.363E-05  9.180E-01 -1.415E-08 
 4.170E-08  7.700E-05  1.281E+00  1.806E-08 
 4.172E-08 -1.316E-06  1.513E+00  1.442E-08 
 4.173E-08 -4.983E-05  1.629E+00  4.328E-08 
 4.176E-08 -5.353E-05  1.733E+00 -2.208E-08 
 4.178E-08 -3.992E-05  1.764E+00 -7.890E-09 
 4.181E-08 -2.472E-05  1.786E+00 -9.145E-09 
 4.183E-08 -1.438E-05  1.794E+00  5.597E-10 
 4.187E-08 -6.882E-06  1.798E+00 -1.479E-09 
 4.191E-08 -4.081E-06  1.800E+00 -6.491E-09 
 4.197E-08 -7.786E-06  1.800E+00 -2.985E-08 
 4.200E-08 -1.245E-05  1.800E+00 -5.161E-08 
 4.201E-08 -1.495E-05  1.800E+00 -6.315E-08 
 4.202E-08 -1.752E-05  1.800E+00 -7.598E-08 
 4.205E-08 -2.816E-05  1.800E+00 -1.285E-07 
 4.210E-08 -9.248E-05  1.800E+00 -4.868E-07 
 4.215E-08 -2.578E-04  1.800E+00 -1.787E-06 
 4.220E-08 -6.034E-04  1.800E+00 -5.360E-06 
 4.224E-08 -6.095E-04  1.800E+00 -1.071E-05 
 4.227E-08  5.298E-05  1.800E+00  6.168E-05 
 4.230E-08  2.859E-04  1.800E+00  4.613E-04 
 4.232E-08  2.042E-04  1.800E+00  9.720E-04 
 4.234E-08  3.318E-04  1.800E+00  1.130E-03 
 4.237E-08  4.368E-04  1.800E+00 -2.439E-03 
 4.239E-08  4.102E-04  1.800E+00 -1.872E-02 
 4.241E-08  3.742E-04  1.800E+00 -3.986E-02 
 4.242E-08  3.085E-04  1.800E+00 -6.781E-03 
 4.244E-08  2.427E-04  1.800E+00  2.042E-01 
 4.245E-08  1.890E-04  1.800E+00  6.067E-01 
 4.246E-08  1.509E-04  1.800E+00  1.022E+00 
 4.248E-08  1.135E-04  1.800E+00  1.424E+00 
 4.249E-08  9.470E-05  1.800E+00  1.573E+00 
 4.250E-08  7.072E-05  1.800E+00  1.689E+00 
 4.251E-08  5.545E-05  1.800E+00  1.737E+00 
 4.252E-08  4.736E-05  1.800E+00  1.760E+00 
 4.253E-08  4.143E-05  1.800E+00  1.773E+00 
 4.254E-08  3.555E-05  1.800E+00  1.784E+00 
 4.256E-08  2.842E-05  1.800E+00  1.794E+00 
 4.257E-08  2.599E-05  1.800E+00  1.796E+00 
 4.259E-08  2.290E-05  1.800E+00  1.798E+00 
 4.260E-08  1.978E-05  1.800E+00  1.799E+00 
 4.261E-08  1.729E-05  1.800E+00  1.799E+00 
 4.263E-08  1.337E-05  1.800E+00  1.800E+00 
 4.266E-08  9.144E-06  1.800E+00  1.800E+00 
 4.269E-08  5.600E-06  1.800E+00  1.800E+00 
 4.273E-08  3.012E-06  1.800E+00  1.800E+00 
 4.278E-08  1.303E-06  1.800E+00  1.800E+00 
 4.285E-08  6.481E-07  1.800E+00  1.800E+00 
 4.296E-08  3.058E-07  1.800E+00  1.800E+00 
 4.315E-08  3.430E-07  1.800E+00  1.800E+00 
 4.351E-08  2.745E-07  1.800E+00  1.800E+00 
 4.397E-08  3.147E-07  1.800E+00  1.800E+00 
 4.459E-08  2.733E-07  1.800E+00  1.800E+00 
 4.500E-08  3.103E-07  1.800E+00  1.800E+00 
 4.503E-08  1.169E-04  1.800E+00  1.800E+00 
 4.505E-08  1.155E-04  1.800E+00  1.800E+00 
 4.511E-08  1.047E-05  1.800E+00  1.800E+00 
 4.527E-08  1.648E-05  1.800E+00  1.800E+00 
 4.537E-08 -8.688E-05  1.800E+00  1.800E+00 
 4.542E-08 -5.567E-04  1.800E+00  1.800E+00 
 4.551E-08 -3.537E-03  1.800E+00  1.800E+00 
 4.554E-08 -8.672E-03  1.800E+00  1.800E+00 
 4.558E-08 -1.274E-02  1.800E+00  1.800E+00 
 4.563E-08  1.483E-01  1.800E+00  1.800E+00 
 4.565E-08  3.922E-01  1.800E+00  1.800E+00 
 4.568E-08  7.869E-01  1.800E+00  1.800E+00 
 4.569E-08  1.123E+00  1.800E+00  1.800E+00 
 4.571E-08  1.414E+00  1.799E+00  1.800E+00 
 4.573E-08  1.547E+00  1.797E+00  1.800E+00 
 4.575E-08  1.638E+00  1.794E+00  1.800E+00 
 4.576E-08  1.687E+00  1.791E+00  1.800E+00 
 4.578E-08  1.720E+00  1.789E+00  1.800E+00 
 4.580E-08  1.742E+00  1.789E+00  1.800E+00 
 4.581E-08  1.763E+00  1.792E+00  1.800E+00 
 4.583E-08  1.777E+00  1.795E+00  1.800E+00 
 4.585E-08  1.787E+00  1.796E+00  1.800E+00 
 4.587E-08  1.793E+00  1.797E+00  1.800E+00 
 4.589E-08  1.797E+00  1.797E+00  1.800E+00 
 4.591E-08  1.798E+00  1.797E+00  1.800E+00 
 4.593E-08  1.799E+00  1.798E+00  1.800E+00 
 4.596E-08  1.800E+00  1.799E+00  1.800E+00 
 4.599E-08  1.800E+00  1.799E+00  1.800E+00 
 4.600E-08  1.800E+00  1.799E+00  1.800E+00 
 4.601E-08  1.800E+00  1.799E+00  1.800E+00 
 4.602E-08  1.800E+00  1.799E+00  1.800E+00 
 4.603E-08  1.800E+00  1.799E+00  1.800E+00 
 4.609E-08  1.800E+00  1.800E+00  1.800E+00 
 4.615E-08  1.800E+00  1.800E+00  1.800E+00 
 4.625E-08  1.800E+00  1.800E+00  1.800E+00 
 4.638E-08  1.800E+00  1.800E+00  1.800E+00 
 4.658E-08  1.800E+00  1.800E+00  1.800E+00 
 4.683E-08  1.800E+00  1.800E+00  1.800E+00 
 4.719E-08  1.800E+00  1.800E+00  1.800E+00 
 4.767E-08  1.800E+00  1.800E+00  1.800E+00 
 4.836E-08  1.800E+00  1.800E+00  1.800E+00 
 4.933E-08  1.800E+00  1.800E+00  1.800E+00 
 5.071E-08  1.800E+00  1.800E+00  1.800E+00 
 5.265E-08  1.800E+00  1.800E+00  1.800E+00 
 5.542E-08  1.800E+00  1.800E+00  1.800E+00 
 5.937E-08  1.800E+00  1.800E+00  1.800E+00 
 6.504E-08  1.800E+00  1.800E+00  1.800E+00 
 7.316E-08  1.800E+00  1.800E+00  1.800E+00 
 8.484E-08  1.800E+00  1.800E+00  1.800E+00 
 9.400E-08  1.800E+00  1.800E+00  1.800E+00 
 9.412E-08  1.800E+00  1.800E+00  1.800E+00 
 9.418E-08  1.800E+00  1.800E+00  1.800E+00 
 9.435E-08  1.800E+00  1.800E+00  1.800E+00 
 9.443E-08  1.800E+00  1.800E+00  1.800E+00 
 9.457E-08  1.809E+00  1.800E+00  1.800E+00 
 9.463E-08  1.822E+00  1.800E+00  1.800E+00 
 9.468E-08  1.833E+00  1.800E+00  1.800E+00 
 9.471E-08  1.753E+00  1.800E+00  1.800E+00 
 9.473E-08  1.615E+00  1.800E+00  1.800E+00 
 9.475E-08  1.247E+00  1.800E+00  1.800E+00 
 9.478E-08  7.735E-01  1.800E+00  1.800E+00 
 9.481E-08  1.129E-01  1.801E+00  1.800E+00 
 9.482E-08  4.235E-02  1.801E+00  1.800E+00 
 9.484E-08  1.564E-02  1.802E+00  1.800E+00 
 9.485E-08  1.516E-02  1.802E+00  1.800E+00 
 9.486E-08  1.329E-02  1.802E+00  1.800E+00 
 9.488E-08  1.057E-02  1.801E+00  1.800E+00 
 9.489E-08  9.400E-03  1.801E+00  1.800E+00 
 9.491E-08  8.338E-03  1.800E+00  1.800E+00 
 9.494E-08  6.876E-03  1.800E+00  1.800E+00 
 9.495E-08  5.423E-03  1.801E+00  1.800E+00 
 9.497E-08  4.927E-03  1.801E+00  1.800E+00 
 9.498E-08  4.453E-03  1.801E+00  1.800E+00 
 9.500E-08  3.480E-03  1.800E+00  1.800E+00 
 9.500E-08  3.319E-03  1.800E+00  1.800E+00 
 9.500E-08  3.159E-03  1.800E+00  1.800E+00 
 9.501E-08  2.955E-03  1.800E+00  1.800E+00 
 9.502E-08  2.442E-03  1.800E+00  1.800E+00 
 9.505E-08  1.149E-03  1.800E+00  1.800E+00 
 9.509E-08  4.167E-04  1.800E+00  1.800E+00 
 9.514E-08  1.314E-04  1.800E+00  1.800E+00 
 9.519E-08  4.735E-05  1.800E+00  1.800E+00 
 9.525E-08  5.006E-06  1.800E+00  1.800E+00 
 9.535E-08  2.217E-06  1.800E+00  1.800E+00 
 9.549E-08 -1.954E-06  1.800E+00  1.800E+00 
 9.574E-08  1.163E-06  1.800E+00  1.800E+00 
 9.629E-08 -1.659E-06  1.800E+00  1.800E+00 
 9.802E-08  1.029E-06  1.800E+00  1.800E+00 
 1.012E-07 -1.630E-06  1.800E+00  1.800E+00 
 1.055E-07  1.003E-06  1.800E+00  1.800E+00 
 1.113E-07 -1.614E-06  1.800E+00  1.800E+00 
 1.192E-07  9.905E-07  1.800E+00  1.800E+00 
 1.312E-07 -1.605E-06  1.800E+00  1.800E+00 
 1.450E-07  9.845E-07  1.800E+00  1.800E+00 
 1.451E-07  5.947E-05  1.800E+00  1.800E+00 
 1.452E-07  2.464E-05  1.800E+00  1.800E+00 
 1.454E-07 -2.417E-04  1.800E+00  1.800E+00 
 1.455E-07 -8.751E-03  1.800E+00  1.800E+00 
 1.456E-07  8.248E-03  1.800E+00  1.800E+00 
 1.456E-07  1.192E-01  1.800E+00  1.800E+00 
 1.456E-07  2.939E-01  1.800E+00  1.800E+00 
 1.457E-07  6.680E-01  1.800E+00  1.800E+00 
 1.457E-07  1.092E+00  1.800E+00  1.800E+00 
 1.457E-07  1.420E+00  1.799E+00  1.800E+00 
 1.457E-07  1.551E+00  1.799E+00  1.800E+00 
 1.457E-07  1.640E+00  1.798E+00  1.800E+00 
 1.458E-07  1.686E+00  1.798E+00  1.800E+00 
 1.458E-07  1.719E+00  1.798E+00  1.800E+00 
 1.458E-07  1.741E+00  1.798E+00  1.800E+00 
 1.458E-07  1.745E+00  1.799E+00  1.800E+00 
 1.458E-07  1.753E+00  1.799E+00  1.800E+00 
 1.458E-07  1.770E+00  1.799E+00  1.800E+00 
 1.458E-07  1.787E+00  1.800E+00  1.800E+00 
 1.459E-07  1.793E+00  1.800E+00  1.800E+00 
 1.459E-07  1.797E+00  1.800E+00  1.800E+00 
 1.459E-07  1.798E+00  1.800E+00  1.800E+00 
 1.459E-07  1.799E+00  1.800E+00  1.800E+00 
 1.460E-07  1.800E+00  1.800E+00  1.800E+00 
 1.460E-07  1.800E+00  1.800E+00  1.800E+00 
 1.460E-07  1.800E+00  1.800E+00  1.800E+00 
 1.460E-07  1.800E+00  1.800E+00  1.800E+00 
 1.460E-07  1.800E+00  1.800E+00  1.800E+00 
 1.460E-07  1.800E+00  1.800E+00  1.800E+00 
 1.461E-07  1.800E+00  1.800E+00  1.800E+00 
 1.462E-07  1.800E+00  1.800E+00  1.800E+00 
 1.463E-07  1.800E+00  1.800E+00  1.800E+00 
 1.464E-07  1.800E+00  1.800E+00  1.800E+00 
 1.468E-07  1.800E+00  1.800E+00  1.800E+00 
 1.479E-07  1.800E+00  1.800E+00  1.800E+00 
 1.511E-07  1.800E+00  1.800E+00  1.800E+00 
 1.606E-07  1.800E+00  1.800E+00  1.800E+00 
 1.756E-07  1.800E+00  1.800E+00  1.800E+00 
 1.900E-07  1.800E+00  1.800E+00  1.800E+00 
 1.901E-07  1.800E+00  1.800E+00  1.800E+00 
 1.902E-07  1.800E+00  1.800E+00  1.800E+00 
 1.904E-07  1.800E+00  1.800E+00  1.800E+00 
 1.905E-07  1.800E+00  1.801E+00  1.800E+00 
 1.906E-07  1.800E+00  1.815E+00  1.800E+00 
 1.906E-07  1.800E+00  1.828E+00  1.800E+00 
 1.907E-07  1.800E+00  1.802E+00  1.800E+00 
 1.907E-07  1.800E+00  1.644E+00  1.800E+00 
 1.907E-07  1.800E+00  1.396E+00  1.800E+00 
 1.908E-07  1.800E+00  9.923E-01  1.800E+00 
 1.908E-07  1.800E+00  4.282E-01  1.800E+00 
 1.908E-07  1.801E+00  1.168E-01  1.800E+00 
 1.908E-07  1.801E+00  3.999E-02  1.800E+00 
 1.908E-07  1.800E+00  1.362E-02  1.800E+00 
 1.909E-07  1.800E+00  7.697E-03  1.800E+00 
 1.909E-07  1.799E+00  4.262E-03  1.800E+00 
 1.909E-07  1.800E+00  2.559E-03  1.800E+00 
 1.909E-07  1.800E+00  1.664E-03  1.800E+00 
 1.910E-07  1.800E+00  1.284E-03  1.800E+00 
 1.910E-07  1.800E+00  9.234E-04  1.800E+00 
 1.910E-07  1.800E+00  9.691E-04  1.800E+00 
 1.910E-07  1.800E+00  9.898E-04  1.800E+00 
 1.910E-07  1.800E+00  1.118E-03  1.800E+00 
 1.911E-07  1.800E+00  1.346E-03  1.800E+00 
 1.911E-07  1.800E+00  1.588E-03  1.800E+00 
 1.911E-07  1.800E+00  1.586E-03  1.800E+00 
 1.911E-07  1.800E+00  1.529E-03  1.800E+00 
 1.911E-07  1.800E+00  1.494E-03  1.800E+00 
 1.912E-07  1.800E+00  1.463E-03  1.800E+00 
 1.912E-07  1.800E+00  1.379E-03  1.800E+00 
 1.912E-07  1.800E+00  1.235E-03  1.800E+00 
 1.912E-07  1.800E+00  1.010E-03  1.800E+00 
 1.913E-07  1.800E+00  7.650E-04  1.800E+00 
 1.913E-07  1.800E+00  5.199E-04  1.800E+00 
 1.914E-07  1.800E+00  3.103E-04  1.800E+00 
 1.914E-07  1.800E+00  1.517E-04  1.800E+00 
 1.915E-07  1.800E+00  7.713E-05  1.800E+00 
 1.916E-07  1.800E+00  5.101E-05  1.800E+00 
 1.917E-07  1.800E+00  3.580E-05  1.800E+00 
 1.918E-07  1.800E+00  2.758E-05  1.800E+00 
 1.921E-07  1.800E+00  2.529E-05  1.800E+00 
 1.922E-07  1.800E+00  2.389E-05  1.800E+00 
 1.924E-07  1.800E+00  2.282E-05  1.800E+00 
 1.930E-07  1.800E+00  2.127E-05  1.800E+00 
 1.940E-07  1.800E+00  1.995E-05  1.800E+00 
 1.940E-07  1.800E+00  4.503E-06  1.800E+00 
 1.941E-07  1.800E+00  1.453E-06  1.800E+00 
 1.941E-07  1.800E+00  2.442E-06  1.800E+00 
 1.943E-07  1.800E+00  1.429E-06  1.800E+00 
 1.944E-07  1.800E+00  1.997E-06  1.800E+00 
 1.946E-07  1.816E+00  1.424E-06  1.800E+00 
 1.947E-07  1.829E+00  1.736E-06  1.800E+00 
 1.947E-07  1.611E+00 -2.044E-05  1.800E+00 
 1.947E-07  1.399E+00 -4.571E-05  1.800E+00 
 1.947E-07  1.120E+00 -7.933E-05  1.800E+00 
 1.948E-07  6.345E-01  1.871E-04  1.800E+00 
 1.948E-07  3.280E-01  6.919E-04  1.800E+00 
 1.948E-07  8.860E-02  1.457E-03  1.800E+00 
 1.948E-07  3.413E-02  1.637E-03  1.800E+00 
 1.948E-07  1.433E-02  1.219E-03  1.800E+00 
 1.949E-07  1.222E-02  5.131E-04  1.800E+00 
 1.949E-07  1.015E-02 -4.020E-04  1.800E+00 
 1.949E-07  8.998E-03 -1.224E-03  1.800E+00 
 1.949E-07  8.370E-03 -1.472E-03  1.800E+00 
 1.949E-07  7.225E-03 -1.106E-03  1.800E+00 
 1.949E-07  5.966E-03 -7.669E-04  1.800E+00 
 1.950E-07  5.161E-03 -4.148E-04  1.800E+00 
 1.950E-07  4.760E-03 -2.418E-04  1.800E+00 
 1.950E-07  3.490E-03 -1.367E-04  1.800E+00 
 1.950E-07  3.155E-03 -1.258E-04  1.800E+00 
 1.950E-07  2.708E-03 -1.129E-04  1.800E+00 
 1.950E-07  1.634E-03 -8.140E-05  1.800E+00 
 1.951E-07  5.078E-04 -3.313E-05  1.800E+00 
 1.951E-07  7.564E-05 -1.346E-05  1.800E+00 
 1.952E-07 -1.634E-04 -3.227E-06  1.800E+00 
 1.952E-07 -1.630E-04  5.769E-07  1.799E+00 
 1.952E-07 -1.538E-04  2.041E-06  1.799E+00 
 1.953E-07  4.986E-05  7.862E-06  1.832E+00 
 1.953E-07  1.760E-04  1.058E-05  1.864E+00 
 1.953E-07  1.533E-04  4.708E-06  1.871E+00 
 1.953E-07 -2.991E-05 -3.821E-06  1.695E+00 
 1.953E-07 -8.196E-05 -4.702E-06  1.462E+00 
 1.953E-07 -1.121E-04 -3.576E-06  1.135E+00 
 1.953E-07 -1.415E-04 -2.814E-06  5.055E-01 
 1.953E-07 -1.490E-04 -2.029E-06  2.708E-01 
 1.954E-07 -1.511E-04 -9.787E-07  9.807E-02 
 1.954E-07 -1.481E-04  1.052E-08  2.348E-02 
 1.954E-07 -1.368E-04  1.295E-06  3.627E-03 
 1.954E-07 -1.250E-04  1.989E-06  3.524E-03 
 1.954E-07 -1.105E-04  2.602E-06  2.395E-03 
 1.954E-07 -9.150E-05  3.042E-06  1.397E-03 
 1.954E-07 -8.013E-05  3.165E-06  9.428E-04 
 1.954E-07 -6.838E-05  3.205E-06  6.334E-04 
 1.955E-07 -5.386E-05  3.150E-06  3.128E-04 
 1.955E-07 -4.580E-05  3.057E-06  2.155E-04 
 1.955E-07 -3.582E-05  2.895E-06  8.894E-05 
 1.955E-07 -3.261E-05  2.836E-06  7.521E-05 
 1.955E-07 -2.754E-05  2.741E-06  4.391E-05 
 1.956E-07 -1.934E-05  2.594E-06  1.262E-05 
 1.956E-07 -8.686E-06  2.481E-06 -1.888E-06 
 1.957E-07 -5.212E-06  2.413E-06  6.870E-07 
 1.958E-07 -2.211E-06  2.464E-06 -5.327E-07 
 1.959E-07 -6.927E-07  2.425E-06  4.614E-07 
 1.961E-07 -3.557E-07  2.438E-06 -4.669E-07 
 1.962E-07 -8.475E-08  2.427E-06  3.414E-07 
 1.966E-07 -1.044E-07  2.435E-06 -4.178E-07 
 1.971E-07  9.580E-09  2.428E-06  2.947E-07 
 1.980E-07 -4.942E-08  2.435E-06 -4.025E-07 
 1.992E-07  3.469E-08  2.428E-06  2.785E-07 
 2.009E-07 -3.750E-08  2.434E-06 -3.953E-07 
 2.032E-07  3.856E-08  2.428E-06  2.706E-07 
 2.067E-07 -3.453E-08  2.434E-06 -3.917E-07 
 2.118E-07  3.917E-08  2.428E-06  2.669E-07 
 2.191E-07 -3.367E-08  2.434E-06 -3.901E-07 
 2.296E-07  3.917E-08  2.428E-06  2.651E-07 
 2.450E-07 -3.338E-08  2.434E-06 -3.893E-07 
 2.451E-07  5.907E-05  2.157E-07  5.589E-08 
 2.452E-07  2.355E-05 -1.013E-07 -3.776E-08 
 2.454E-07 -3.684E-04  9.100E-08  3.777E-08 
 2.455E-07 -8.917E-03 -1.985E-07 -3.090E-08 
 2.456E-07  6.547E-03  2.456E-06  2.619E-08 
 2.456E-07  1.113E-01  1.420E-05  4.323E-08 
 2.456E-07  2.757E-01  3.239E-05  5.540E-08 
 2.457E-07  6.394E-01  3.690E-05 -4.102E-08 
 2.457E-07  1.066E+00 -1.929E-04 -9.675E-07 
 2.457E-07  1.399E+00 -7.542E-04 -1.890E-06 
 2.457E-07  1.537E+00 -1.086E-03 -1.007E-07 
 2.457E-07  1.632E+00 -1.990E-03 -6.734E-07 
 2.457E-07  1.647E+00 -2.006E-03  8.579E-07 
 2.458E-07  1.674E+00 -1.898E-03  3.833E-06 
 2.458E-07  1.721E+00 -1.462E-04  8.396E-06 
 2.458E-07  1.740E+00  1.050E-03  3.353E-06 
 2.458E-07  1.769E+00  1.904E-03 -6.355E-06 
 2.458E-07  1.782E+00  1.705E-03 -1.037E-05 
 2.459E-07  1.790E+00  1.160E-03 -6.893E-06 
 2.459E-07  1.795E+00  6.168E-04  7.954E-06 
 2.459E-07  1.797E+00  2.913E-04  7.225E-06 
 2.459E-07  1.799E+00  7.396E-05  6.676E-07 
 2.459E-07  1.799E+00  1.193E-06 -7.294E-07 
 2.460E-07  1.800E+00 -3.484E-05 -8.347E-07 
 2.460E-07  1.800E+00 -3.741E-05 -7.306E-07 
 2.460E-07  1.800E+00 -3.959E-05 -5.682E-07 
 2.460E-07  1.800E+00 -3.878E-05 -4.875E-07 
 2.460E-07  1.800E+00 -3.566E-05 -3.666E-07 
 2.460E-07  1.800E+00 -3.440E-05 -3.274E-07 
 2.460E-07  1.800E+00 -2.986E-05 -2.265E-07 
 2.461E-07  1.800E+00 -1.627E-05 -2.960E-08 
 2.462E-07  1.800E+00 -7.098E-06 -3.544E-09 
 2.463E-07  1.800E+00  7.341E-07  1.430E-08 
 2.464E-07  1.800E+00  2.502E-06 -1.066E-09 
 2.466E-07  1.800E+00  2.099E-06  4.622E-09 
 2.468E-07  1.800E+00  2.735E-06 -3.623E-09 
 2.471E-07  1.800E+00  1.929E-06 -1.138E-09 
 2.475E-07  1.800E+00  2.543E-06 -2.774E-09 
 2.481E-07  1.800E+00  1.723E-06 -1.610E-09 
 2.490E-07  1.800E+00  2.263E-06 -2.715E-09 
 2.504E-07  1.800E+00  1.448E-06 -1.628E-09 
 2.522E-07  1.800E+00  1.978E-06 -2.722E-09 
 2.549E-07  1.800E+00  1.192E-06 -1.615E-09 
 2.587E-07  1.800E+00  1.740E-06 -2.735E-09 
 2.643E-07  1.800E+00  9.963E-07 -1.605E-09 
 2.724E-07  1.800E+00  1.581E-06 -2.743E-09 
 2.840E-07  1.800E+00  8.776E-07 -1.599E-09 
 2.940E-07  1.800E+00  1.504E-06 -2.748E-09 
 2.941E-07  1.800E+00  1.662E-07  5.800E-09 
 2.942E-07  1.800E+00  7.348E-08  1.031E-09 
 2.944E-07  1.800E+00  1.333E-07  5.065E-09 
 2.944E-07  1.801E+00  1.164E-07  3.514E-09 
 2.945E-07  1.801E+00  1.957E-07  3.441E-09 
 2.946E-07  1.812E+00  2.235E-07  3.103E-09 
 2.946E-07  1.822E+00  3.664E-07  3.689E-09 
 2.947E-07  1.831E+00 -7.357E-07  1.288E-09 
 2.947E-07  1.701E+00 -1.333E-05 -1.714E-08 
 2.947E-07  1.481E+00 -3.406E-05 -4.720E-08 
 2.948E-07  1.103E+00 -7.844E-05 -1.315E-07 
 2.948E-07  5.519E-01  2.888E-04  1.572E-06 
 2.948E-07  9.673E-02  1.387E-03  2.487E-06 
 2.948E-07  3.638E-02  1.570E-03 -4.390E-07 
 2.948E-07  1.528E-02  1.289E-03 -2.366E-06 
 2.949E-07  1.264E-02  8.794E-04 -2.037E-06 
 2.949E-07  1.071E-02  2.773E-04 -1.772E-06 
 2.949E-07  9.030E-03 -7.683E-04 -2.273E-06 
 2.949E-07  8.434E-03 -1.734E-03 -3.666E-06 
 2.949E-07  7.782E-03 -1.566E-03 -8.355E-06 
 2.949E-07  6.620E-03 -1.059E-03  4.294E-06 
 2.950E-07  5.245E-03 -6.428E-04  1.345E-05 
 2.950E-07  4.690E-03 -3.797E-04  1.361E-05 
 2.950E-07  3.999E-03 -1.976E-04  6.169E-07 
 2.950E-07  3.836E-03 -1.830E-04 -1.036E-06 
 2.950E-07  3.665E-03 -1.660E-04 -2.424E-06 
 2.950E-07  3.448E-03 -1.500E-04 -3.557E-06 
 2.950E-07  2.845E-03 -1.231E-04 -4.270E-06 
 2.951E-07  1.276E-03 -6.812E-05 -2.087E-06 
 2.951E-07  5.375E-04 -3.584E-05 -2.407E-07 
 2.951E-07  1.486E-04 -1.194E-05  1.548E-07 
 2.952E-07  3.532E-05 -2.427E-06  9.977E-08 
 2.952E-07  6.498E-06  2.463E-08  1.025E-07 
 2.953E-07 -3.539E-06  1.406E-08  5.306E-08 
 2.955E-07  9.755E-07  3.077E-07  7.147E-08 
 2.956E-07 -1.166E-06  8.617E-08  3.817E-08 
 2.959E-07  8.416E-07  2.591E-07  6.523E-08 
 2.962E-07 -8.143E-07  1.095E-07  3.950E-08 
 2.969E-07  7.006E-07  2.454E-07  6.370E-08 
 2.986E-07 -7.530E-07  1.156E-07  4.026E-08 
 3.000E-07  6.612E-07  2.416E-07  6.318E-08 
