#format table ## [Custom WaveView] saved 00:16:51 Mon May 20 2024
TIME clk d q 
 0.000E+00  3.285E-09  3.285E-09  3.285E-09 
 1.000E-12  3.285E-09  3.285E-09  3.285E-09 
 2.000E-12  3.285E-09  3.285E-09  3.285E-09 
 5.200E-12  3.285E-09  3.285E-09  3.285E-09 
 1.544E-11  3.285E-09  3.285E-09  3.285E-09 
 4.821E-11  3.285E-09  3.285E-09  3.285E-09 
 1.531E-10  3.285E-09  3.285E-09  3.285E-09 
 4.886E-10  3.285E-09  3.285E-09  3.285E-09 
 1.562E-09  3.285E-09  3.285E-09  3.285E-09 
 4.998E-09  3.285E-09  3.285E-09  3.285E-09 
 1.599E-08  3.285E-09  3.285E-09  3.285E-09 
 3.099E-08  3.285E-09  3.285E-09  3.285E-09 
 4.200E-08  3.285E-09  3.285E-09  3.285E-09 
 4.215E-08  3.391E-09  5.287E-05  3.285E-09 
 4.221E-08 -2.160E-10  2.668E-05  3.285E-09 
 4.240E-08  7.281E-09 -2.248E-04  3.285E-09 
 4.253E-08 -9.142E-08 -6.791E-03  3.283E-09 
 4.258E-08  4.204E-07 -8.381E-03  3.270E-09 
 4.262E-08  2.270E-05  1.566E-01  2.840E-09 
 4.265E-08  4.287E-05  4.954E-01 -6.667E-10 
 4.268E-08  5.237E-05  8.878E-01 -1.324E-08 
 4.270E-08  7.764E-05  1.253E+00  1.455E-08 
 4.272E-08  6.040E-06  1.499E+00  1.455E-08 
 4.273E-08 -4.778E-05  1.621E+00  4.494E-08 
 4.276E-08 -5.485E-05  1.728E+00 -2.063E-08 
 4.278E-08 -4.136E-05  1.761E+00 -8.731E-09 
 4.280E-08 -2.616E-05  1.784E+00 -8.691E-09 
 4.283E-08 -1.541E-05  1.794E+00 -8.446E-10 
 4.287E-08 -7.456E-06  1.798E+00 -1.121E-09 
 4.291E-08 -4.529E-06  1.800E+00 -6.558E-09 
 4.297E-08 -7.839E-06  1.800E+00 -3.046E-08 
 4.300E-08 -1.365E-05  1.800E+00 -5.715E-08 
 4.301E-08 -1.718E-05  1.800E+00 -7.328E-08 
 4.302E-08 -1.995E-05  1.800E+00 -8.754E-08 
 4.305E-08 -3.220E-05  1.800E+00 -1.501E-07 
 4.310E-08 -1.007E-04  1.800E+00 -5.416E-07 
 4.315E-08 -2.770E-04  1.800E+00 -1.957E-06 
 4.320E-08 -6.202E-04  1.800E+00 -5.629E-06 
 4.323E-08 -5.838E-04  1.800E+00 -1.066E-05 
 4.327E-08  8.337E-05  1.800E+00  7.333E-05 
 4.329E-08  2.846E-04  1.800E+00  4.939E-04 
 4.332E-08  2.041E-04  1.800E+00  9.810E-04 
 4.334E-08  3.404E-04  1.800E+00  1.131E-03 
 4.337E-08  4.377E-04  1.800E+00 -3.047E-03 
 4.339E-08  4.090E-04  1.800E+00 -1.996E-02 
 4.340E-08  3.719E-04  1.800E+00 -4.109E-02 
 4.342E-08  3.056E-04  1.800E+00 -1.894E-03 
 4.343E-08  2.407E-04  1.800E+00  2.163E-01 
 4.345E-08  1.880E-04  1.800E+00  6.189E-01 
 4.346E-08  1.495E-04  1.800E+00  1.039E+00 
 4.347E-08  1.129E-04  1.800E+00  1.431E+00 
 4.348E-08  9.408E-05  1.800E+00  1.578E+00 
 4.350E-08  6.975E-05  1.800E+00  1.693E+00 
 4.351E-08  5.477E-05  1.800E+00  1.740E+00 
 4.352E-08  4.672E-05  1.800E+00  1.761E+00 
 4.353E-08  4.088E-05  1.800E+00  1.774E+00 
 4.354E-08  3.519E-05  1.800E+00  1.785E+00 
 4.356E-08  2.819E-05  1.800E+00  1.794E+00 
 4.357E-08  2.583E-05  1.800E+00  1.796E+00 
 4.358E-08  2.262E-05  1.800E+00  1.798E+00 
 4.359E-08  1.969E-05  1.800E+00  1.799E+00 
 4.361E-08  1.708E-05  1.800E+00  1.799E+00 
 4.363E-08  1.313E-05  1.800E+00  1.800E+00 
 4.366E-08  8.929E-06  1.800E+00  1.800E+00 
 4.369E-08  5.434E-06  1.800E+00  1.800E+00 
 4.373E-08  2.888E-06  1.800E+00  1.800E+00 
 4.378E-08  1.237E-06  1.800E+00  1.800E+00 
 4.385E-08  6.028E-07  1.800E+00  1.800E+00 
 4.396E-08  2.971E-07  1.800E+00  1.800E+00 
 4.417E-08  3.259E-07  1.800E+00  1.800E+00 
 4.452E-08  2.664E-07  1.800E+00  1.800E+00 
 4.500E-08  3.000E-07  1.800E+00  1.800E+00 
 4.502E-08  1.282E-04  1.800E+00  1.800E+00 
 4.504E-08  1.320E-04  1.800E+00  1.800E+00 
 4.512E-08 -1.558E-05  1.800E+00  1.800E+00 
 4.522E-08  2.742E-05  1.800E+00  1.800E+00 
 4.531E-08  1.953E-06  1.800E+00  1.800E+00 
 4.546E-08 -1.077E-03  1.800E+00  1.800E+00 
 4.553E-08 -6.782E-03  1.800E+00  1.800E+00 
 4.557E-08 -1.289E-02  1.800E+00  1.800E+00 
 4.561E-08  4.231E-02  1.800E+00  1.800E+00 
 4.565E-08  3.176E-01  1.800E+00  1.800E+00 
 4.567E-08  6.337E-01  1.800E+00  1.800E+00 
 4.569E-08  1.024E+00  1.800E+00  1.800E+00 
 4.571E-08  1.356E+00  1.799E+00  1.800E+00 
 4.572E-08  1.515E+00  1.798E+00  1.800E+00 
 4.574E-08  1.617E+00  1.795E+00  1.800E+00 
 4.576E-08  1.674E+00  1.792E+00  1.800E+00 
 4.578E-08  1.717E+00  1.789E+00  1.800E+00 
 4.579E-08  1.739E+00  1.789E+00  1.800E+00 
 4.581E-08  1.760E+00  1.791E+00  1.800E+00 
 4.583E-08  1.776E+00  1.794E+00  1.800E+00 
 4.584E-08  1.786E+00  1.796E+00  1.800E+00 
 4.586E-08  1.793E+00  1.797E+00  1.800E+00 
 4.588E-08  1.796E+00  1.797E+00  1.800E+00 
 4.591E-08  1.798E+00  1.797E+00  1.800E+00 
 4.593E-08  1.799E+00  1.798E+00  1.800E+00 
 4.596E-08  1.800E+00  1.799E+00  1.800E+00 
 4.599E-08  1.800E+00  1.799E+00  1.800E+00 
 4.600E-08  1.800E+00  1.799E+00  1.800E+00 
 4.602E-08  1.800E+00  1.799E+00  1.800E+00 
 4.602E-08  1.800E+00  1.799E+00  1.800E+00 
 4.604E-08  1.800E+00  1.799E+00  1.800E+00 
 4.610E-08  1.800E+00  1.800E+00  1.800E+00 
 4.617E-08  1.800E+00  1.800E+00  1.800E+00 
 4.628E-08  1.800E+00  1.800E+00  1.800E+00 
 4.641E-08  1.800E+00  1.800E+00  1.800E+00 
 4.663E-08  1.800E+00  1.800E+00  1.800E+00 
 4.690E-08  1.800E+00  1.800E+00  1.800E+00 
 4.728E-08  1.800E+00  1.800E+00  1.800E+00 
 4.780E-08  1.800E+00  1.800E+00  1.800E+00 
 4.854E-08  1.800E+00  1.800E+00  1.800E+00 
 4.959E-08  1.800E+00  1.800E+00  1.800E+00 
 5.107E-08  1.800E+00  1.800E+00  1.800E+00 
 5.316E-08  1.800E+00  1.800E+00  1.800E+00 
 5.616E-08  1.800E+00  1.800E+00  1.800E+00 
 6.043E-08  1.800E+00  1.800E+00  1.800E+00 
 6.655E-08  1.800E+00  1.800E+00  1.800E+00 
 7.533E-08  1.800E+00  1.800E+00  1.800E+00 
 8.796E-08  1.800E+00  1.800E+00  1.800E+00 
 9.400E-08  1.800E+00  1.800E+00  1.800E+00 
 9.412E-08  1.800E+00  1.800E+00  1.800E+00 
 9.417E-08  1.800E+00  1.800E+00  1.800E+00 
 9.431E-08  1.800E+00  1.800E+00  1.800E+00 
 9.456E-08  1.807E+00  1.800E+00  1.800E+00 
 9.465E-08  1.826E+00  1.800E+00  1.800E+00 
 9.470E-08  1.771E+00  1.800E+00  1.800E+00 
 9.473E-08  1.526E+00  1.800E+00  1.800E+00 
 9.475E-08  1.144E+00  1.800E+00  1.800E+00 
 9.477E-08  6.847E-01  1.800E+00  1.800E+00 
 9.480E-08  1.398E-01  1.801E+00  1.800E+00 
 9.482E-08  4.400E-02  1.801E+00  1.800E+00 
 9.483E-08  1.863E-02  1.802E+00  1.800E+00 
 9.485E-08  1.327E-02  1.802E+00  1.800E+00 
 9.487E-08  1.129E-02  1.801E+00  1.800E+00 
 9.489E-08  9.417E-03  1.801E+00  1.800E+00 
 9.490E-08  8.458E-03  1.800E+00  1.800E+00 
 9.493E-08  6.866E-03  1.800E+00  1.800E+00 
 9.495E-08  5.422E-03  1.801E+00  1.800E+00 
 9.496E-08  4.919E-03  1.801E+00  1.800E+00 
 9.498E-08  4.446E-03  1.801E+00  1.800E+00 
 9.499E-08  3.487E-03  1.800E+00  1.800E+00 
 9.500E-08  2.973E-03  1.800E+00  1.800E+00 
 9.501E-08  2.474E-03  1.800E+00  1.800E+00 
 9.502E-08  2.235E-03  1.800E+00  1.800E+00 
 9.504E-08  1.511E-03  1.800E+00  1.800E+00 
 9.507E-08  5.728E-04  1.800E+00  1.800E+00 
 9.512E-08  1.886E-04  1.800E+00  1.800E+00 
 9.517E-08  4.720E-05  1.800E+00  1.800E+00 
 9.523E-08  1.523E-05  1.800E+00  1.800E+00 
 9.531E-08 -9.791E-07  1.800E+00  1.800E+00 
 9.544E-08  2.097E-06  1.800E+00  1.800E+00 
 9.566E-08 -1.003E-06  1.800E+00  1.800E+00 
 9.611E-08  1.704E-06  1.800E+00  1.800E+00 
 9.757E-08 -8.987E-07  1.800E+00  1.800E+00 
 9.994E-08  1.646E-06  1.800E+00  1.800E+00 
 1.032E-07 -8.744E-07  1.800E+00  1.800E+00 
 1.075E-07  1.622E-06  1.800E+00  1.800E+00 
 1.135E-07 -8.599E-07  1.800E+00  1.800E+00 
 1.225E-07  1.610E-06  1.800E+00  1.800E+00 
 1.358E-07 -8.531E-07  1.800E+00  1.800E+00 
 1.450E-07  1.602E-06  1.800E+00  1.800E+00 
 1.451E-07  5.928E-05  1.800E+00  1.800E+00 
 1.452E-07  2.955E-05  1.800E+00  1.800E+00 
 1.454E-07 -4.500E-05  1.800E+00  1.800E+00 
 1.454E-07 -3.646E-04  1.800E+00  1.800E+00 
 1.455E-07 -4.613E-03  1.800E+00  1.800E+00 
 1.456E-07 -1.113E-02  1.800E+00  1.800E+00 
 1.456E-07  1.665E-03  1.800E+00  1.800E+00 
 1.456E-07  1.386E-01  1.800E+00  1.800E+00 
 1.456E-07  3.774E-01  1.800E+00  1.800E+00 
 1.457E-07  6.809E-01  1.800E+00  1.800E+00 
 1.457E-07  1.134E+00  1.800E+00  1.800E+00 
 1.457E-07  1.197E+00  1.800E+00  1.800E+00 
 1.457E-07  1.280E+00  1.800E+00  1.800E+00 
 1.457E-07  1.472E+00  1.799E+00  1.800E+00 
 1.457E-07  1.563E+00  1.799E+00  1.800E+00 
 1.458E-07  1.654E+00  1.798E+00  1.800E+00 
 1.458E-07  1.694E+00  1.798E+00  1.800E+00 
 1.458E-07  1.724E+00  1.798E+00  1.800E+00 
 1.458E-07  1.745E+00  1.799E+00  1.800E+00 
 1.458E-07  1.769E+00  1.799E+00  1.800E+00 
 1.458E-07  1.780E+00  1.799E+00  1.800E+00 
 1.458E-07  1.784E+00  1.800E+00  1.800E+00 
 1.458E-07  1.787E+00  1.800E+00  1.800E+00 
 1.459E-07  1.793E+00  1.800E+00  1.800E+00 
 1.459E-07  1.796E+00  1.800E+00  1.800E+00 
 1.459E-07  1.798E+00  1.800E+00  1.800E+00 
 1.459E-07  1.799E+00  1.800E+00  1.800E+00 
 1.460E-07  1.799E+00  1.800E+00  1.800E+00 
 1.460E-07  1.800E+00  1.800E+00  1.800E+00 
 1.460E-07  1.800E+00  1.800E+00  1.800E+00 
 1.460E-07  1.800E+00  1.800E+00  1.800E+00 
 1.460E-07  1.800E+00  1.800E+00  1.800E+00 
 1.460E-07  1.800E+00  1.800E+00  1.800E+00 
 1.461E-07  1.800E+00  1.800E+00  1.800E+00 
 1.462E-07  1.800E+00  1.800E+00  1.800E+00 
 1.463E-07  1.800E+00  1.800E+00  1.800E+00 
 1.464E-07  1.800E+00  1.800E+00  1.800E+00 
 1.469E-07  1.800E+00  1.800E+00  1.800E+00 
 1.479E-07  1.800E+00  1.800E+00  1.800E+00 
 1.504E-07  1.800E+00  1.800E+00  1.800E+00 
 1.570E-07  1.800E+00  1.800E+00  1.800E+00 
 1.720E-07  1.800E+00  1.800E+00  1.800E+00 
 1.870E-07  1.800E+00  1.800E+00  1.800E+00 
 1.910E-07  1.800E+00  1.800E+00  1.800E+00 
 1.911E-07  1.800E+00  1.800E+00  1.800E+00 
 1.912E-07  1.800E+00  1.800E+00  1.800E+00 
 1.913E-07  1.800E+00  1.800E+00  1.800E+00 
 1.915E-07  1.800E+00  1.802E+00  1.800E+00 
 1.916E-07  1.800E+00  1.821E+00  1.800E+00 
 1.917E-07  1.800E+00  1.829E+00  1.800E+00 
 1.917E-07  1.800E+00  1.730E+00  1.800E+00 
 1.917E-07  1.800E+00  1.570E+00  1.800E+00 
 1.918E-07  1.800E+00  1.119E+00  1.800E+00 
 1.918E-07  1.800E+00  6.264E-01  1.800E+00 
 1.918E-07  1.801E+00  1.580E-01  1.800E+00 
 1.918E-07  1.801E+00  5.186E-02  1.800E+00 
 1.918E-07  1.801E+00  1.727E-02  1.800E+00 
 1.918E-07  1.800E+00  8.517E-03  1.800E+00 
 1.919E-07  1.799E+00  4.933E-03  1.800E+00 
 1.919E-07  1.800E+00  2.814E-03  1.800E+00 
 1.919E-07  1.800E+00  1.810E-03  1.800E+00 
 1.919E-07  1.800E+00  1.345E-03  1.800E+00 
 1.920E-07  1.800E+00  1.034E-03  1.800E+00 
 1.920E-07  1.800E+00  9.303E-04  1.800E+00 
 1.920E-07  1.800E+00  9.814E-04  1.800E+00 
 1.920E-07  1.800E+00  1.018E-03  1.800E+00 
 1.920E-07  1.800E+00  1.024E-03  1.800E+00 
 1.920E-07  1.800E+00  1.155E-03  1.800E+00 
 1.921E-07  1.800E+00  1.497E-03  1.800E+00 
 1.921E-07  1.800E+00  1.593E-03  1.800E+00 
 1.921E-07  1.800E+00  1.557E-03  1.800E+00 
 1.921E-07  1.800E+00  1.496E-03  1.800E+00 
 1.922E-07  1.800E+00  1.466E-03  1.800E+00 
 1.922E-07  1.800E+00  1.409E-03  1.800E+00 
 1.922E-07  1.800E+00  1.298E-03  1.800E+00 
 1.922E-07  1.800E+00  1.103E-03  1.800E+00 
 1.923E-07  1.800E+00  8.624E-04  1.800E+00 
 1.923E-07  1.800E+00  6.140E-04  1.800E+00 
 1.923E-07  1.800E+00  3.897E-04  1.800E+00 
 1.924E-07  1.800E+00  2.087E-04  1.800E+00 
 1.925E-07  1.800E+00  1.019E-04  1.800E+00 
 1.925E-07  1.800E+00  4.731E-05  1.800E+00 
 1.926E-07  1.800E+00  2.995E-05  1.800E+00 
 1.928E-07  1.800E+00  2.277E-05  1.800E+00 
 1.929E-07  1.800E+00  1.642E-05  1.800E+00 
 1.932E-07  1.800E+00  1.648E-05  1.800E+00 
 1.937E-07  1.800E+00  1.203E-05  1.800E+00 
 1.940E-07  1.800E+00  1.396E-05  1.800E+00 
 1.940E-07  1.800E+00  5.010E-06  1.800E+00 
 1.940E-07  1.800E+00  3.362E-06  1.800E+00 
 1.941E-07  1.800E+00  3.234E-06  1.800E+00 
 1.942E-07  1.800E+00  3.067E-06  1.800E+00 
 1.943E-07  1.800E+00  2.830E-06  1.800E+00 
 1.944E-07  1.800E+00  2.790E-06  1.800E+00 
 1.945E-07  1.801E+00  2.801E-06  1.800E+00 
 1.946E-07  1.812E+00  2.682E-06  1.800E+00 
 1.946E-07  1.822E+00  2.844E-06  1.800E+00 
 1.947E-07  1.828E+00  1.367E-06  1.800E+00 
 1.947E-07  1.696E+00 -1.209E-05  1.800E+00 
 1.947E-07  1.473E+00 -3.407E-05  1.800E+00 
 1.948E-07  1.090E+00 -7.751E-05  1.800E+00 
 1.948E-07  5.395E-01  3.239E-04  1.800E+00 
 1.948E-07  9.920E-02  1.456E-03  1.800E+00 
 1.948E-07  3.745E-02  1.654E-03  1.800E+00 
 1.948E-07  1.594E-02  1.326E-03  1.800E+00 
 1.949E-07  1.298E-02  7.381E-04  1.800E+00 
 1.949E-07  1.067E-02 -1.438E-04  1.800E+00 
 1.949E-07  9.164E-03 -1.047E-03  1.800E+00 
 1.949E-07  8.521E-03 -1.489E-03  1.800E+00 
 1.949E-07  7.715E-03 -1.268E-03  1.800E+00 
 1.949E-07  6.502E-03 -9.211E-04  1.800E+00 
 1.950E-07  5.434E-03 -5.556E-04  1.800E+00 
 1.950E-07  5.052E-03 -3.240E-04  1.800E+00 
 1.950E-07  4.129E-03 -1.694E-04  1.800E+00 
 1.950E-07  3.953E-03 -1.610E-04  1.800E+00 
 1.950E-07  3.767E-03 -1.510E-04  1.800E+00 
 1.950E-07  3.529E-03 -1.406E-04  1.800E+00 
 1.950E-07  2.912E-03 -1.214E-04  1.800E+00 
 1.951E-07  1.324E-03 -7.211E-05  1.800E+00 
 1.951E-07  4.971E-04 -3.221E-05  1.800E+00 
 1.951E-07  5.344E-05 -1.192E-05  1.800E+00 
 1.952E-07 -1.680E-04 -2.569E-06  1.799E+00 
 1.952E-07 -1.611E-04  6.693E-07  1.799E+00 
 1.952E-07 -1.515E-04  2.352E-06  1.799E+00 
 1.953E-07  3.927E-05  7.882E-06  1.829E+00 
 1.953E-07  1.713E-04  1.090E-05  1.861E+00 
 1.953E-07  1.761E-04  6.041E-06  1.878E+00 
 1.953E-07 -1.311E-05 -3.321E-06  1.745E+00 
 1.953E-07 -7.227E-05 -4.507E-06  1.521E+00 
 1.953E-07 -1.093E-04 -3.451E-06  1.194E+00 
 1.953E-07 -1.401E-04 -2.962E-06  5.925E-01 
 1.954E-07 -1.522E-04 -9.832E-07  1.318E-01 
 1.954E-07 -1.500E-04  6.470E-08  3.007E-02 
 1.954E-07 -1.410E-04  1.261E-06  5.141E-03 
 1.954E-07 -1.289E-04  2.053E-06  3.925E-03 
 1.954E-07 -1.143E-04  2.728E-06  2.616E-03 
 1.954E-07 -9.866E-05  3.156E-06  1.719E-03 
 1.954E-07 -8.543E-05  3.248E-06  1.120E-03 
 1.954E-07 -7.343E-05  3.414E-06  7.594E-04 
 1.955E-07 -6.209E-05  3.432E-06  4.687E-04 
 1.955E-07 -5.207E-05  3.363E-06  3.044E-04 
 1.955E-07 -4.256E-05  3.240E-06  1.593E-04 
 1.955E-07 -3.288E-05  3.075E-06  8.211E-05 
 1.955E-07 -2.497E-05  2.923E-06  2.396E-05 
 1.956E-07 -1.756E-05  2.797E-06  1.439E-05 
 1.956E-07 -1.183E-05  2.716E-06 -2.211E-06 
 1.957E-07 -6.385E-06  2.663E-06  4.796E-06 
 1.958E-07 -3.068E-06  2.652E-06 -5.144E-06 
 1.959E-07 -7.072E-07  2.638E-06  4.189E-06 
 1.960E-07 -2.519E-07  2.651E-06 -5.996E-06 
 1.962E-07  3.271E-07  2.630E-06  3.496E-06 
 1.964E-07  3.188E-09  2.649E-06 -6.521E-06 
 1.969E-07  4.753E-07  2.631E-06  3.066E-06 
 1.976E-07  5.790E-08  2.648E-06 -6.802E-06 
 1.987E-07  5.082E-07  2.632E-06  2.884E-06 
 2.002E-07  7.182E-08  2.647E-06 -6.909E-06 
 2.023E-07  5.132E-07  2.632E-06  2.810E-06 
 2.053E-07  7.537E-08  2.647E-06 -6.956E-06 
 2.098E-07  5.138E-07  2.632E-06  2.774E-06 
 2.162E-07  7.645E-08  2.647E-06 -6.978E-06 
 2.254E-07  5.138E-07  2.632E-06  2.758E-06 
 2.388E-07  7.685E-08  2.647E-06 -6.987E-06 
 2.450E-07  5.136E-07  2.633E-06  2.750E-06 
 2.451E-07  5.905E-05  2.359E-07  2.344E-06 
 2.452E-07  3.411E-05 -8.647E-08 -1.425E-06 
 2.453E-07 -4.472E-06  7.497E-08  1.120E-06 
 2.454E-07 -1.722E-04  1.240E-08  2.456E-07 
 2.454E-07 -3.812E-04 -3.818E-08 -1.084E-07 
 2.455E-07 -2.732E-03 -2.756E-08  8.185E-08 
 2.455E-07 -6.519E-03 -3.163E-07 -4.383E-08 
 2.456E-07 -1.250E-02  6.187E-08  3.089E-08 
 2.456E-07  1.340E-02  5.210E-06 -6.983E-10 
 2.456E-07  2.589E-01  3.445E-05  8.354E-08 
 2.457E-07  5.513E-01  4.051E-05 -3.466E-08 
 2.457E-07  9.699E-01 -1.106E-04 -6.423E-07 
 2.457E-07  1.310E+00 -5.654E-04 -1.852E-06 
 2.457E-07  1.490E+00 -9.568E-04 -7.755E-07 
 2.457E-07  1.601E+00 -1.597E-03 -3.089E-07 
 2.458E-07  1.663E+00 -2.098E-03  1.514E-06 
 2.458E-07  1.704E+00 -1.100E-03  8.249E-06 
 2.458E-07  1.733E+00  6.586E-04  5.793E-06 
 2.458E-07  1.754E+00  1.630E-03 -1.502E-06 
 2.458E-07  1.775E+00  1.841E-03 -8.807E-06 
 2.458E-07  1.785E+00  1.532E-03 -9.216E-06 
 2.459E-07  1.792E+00  9.423E-04 -2.965E-06 
 2.459E-07  1.796E+00  4.491E-04  1.115E-05 
 2.459E-07  1.798E+00  1.868E-04  3.790E-06 
 2.459E-07  1.799E+00  1.737E-05 -5.758E-07 
 2.460E-07  1.799E+00 -2.373E-05 -9.161E-07 
 2.460E-07  1.800E+00 -4.037E-05 -6.740E-07 
 2.460E-07  1.800E+00 -4.018E-05 -5.281E-07 
 2.460E-07  1.800E+00 -3.536E-05 -3.603E-07 
 2.460E-07  1.800E+00 -3.389E-05 -3.206E-07 
 2.460E-07  1.800E+00 -2.892E-05 -2.268E-07 
 2.461E-07  1.800E+00 -1.518E-05 -2.402E-08 
 2.462E-07  1.800E+00 -5.527E-06  2.044E-09 
 2.463E-07  1.800E+00  9.816E-07  1.140E-08 
 2.464E-07  1.800E+00  2.478E-06  7.603E-09 
 2.466E-07  1.800E+00  2.258E-06 -7.887E-11 
 2.468E-07  1.800E+00  2.581E-06  2.638E-09 
 2.471E-07  1.800E+00  1.985E-06 -1.989E-09 
 2.475E-07  1.800E+00  2.295E-06  1.798E-09 
 2.482E-07  1.800E+00  1.654E-06 -1.763E-09 
 2.491E-07  1.800E+00  1.898E-06  1.511E-09 
 2.505E-07  1.800E+00  1.269E-06 -1.582E-09 
 2.524E-07  1.800E+00  1.532E-06  1.359E-09 
 2.551E-07  1.800E+00  9.522E-07 -1.482E-09 
 2.591E-07  1.800E+00  1.256E-06  1.282E-09 
 2.648E-07  1.800E+00  7.331E-07 -1.433E-09 
 2.730E-07  1.800E+00  1.086E-06  1.245E-09 
 2.850E-07  1.800E+00  6.084E-07 -1.409E-09 
 2.940E-07  1.800E+00  1.010E-06  1.221E-09 
 2.941E-07  1.800E+00  1.467E-07  3.806E-09 
 2.942E-07  1.800E+00  9.481E-08  3.589E-09 
 2.944E-07  1.800E+00  1.207E-07  2.929E-09 
 2.944E-07  1.800E+00  1.211E-07  3.690E-09 
 2.946E-07  1.808E+00  1.778E-07  2.939E-09 
 2.946E-07  1.822E+00  5.551E-07  4.103E-09 
 2.947E-07  1.833E+00 -8.372E-07 -1.709E-10 
 2.947E-07  1.630E+00 -2.348E-05 -3.483E-08 
 2.948E-07  1.263E+00 -7.628E-05 -1.532E-07 
 2.948E-07  7.963E-01  2.738E-05  5.998E-07 
 2.948E-07  1.153E-01  1.256E-03  2.458E-06 
 2.948E-07  4.178E-02  1.542E-03  3.750E-07 
 2.948E-07  3.428E-02  1.514E-03 -4.649E-07 
 2.948E-07  2.596E-02  1.458E-03 -1.265E-06 
 2.948E-07  1.480E-02  1.171E-03 -2.089E-06 
 2.949E-07  9.602E-03  1.900E-04 -1.867E-06 
 2.949E-07  9.080E-03 -7.751E-04 -2.412E-06 
 2.949E-07  8.302E-03 -1.802E-03 -3.910E-06 
 2.949E-07  7.683E-03 -1.498E-03 -8.512E-06 
 2.950E-07  6.471E-03 -1.017E-03  6.381E-06 
 2.950E-07  5.144E-03 -6.040E-04  1.384E-05 
 2.950E-07  4.666E-03 -3.561E-04  1.278E-05 
 2.950E-07  3.987E-03 -1.973E-04 -6.201E-08 
 2.950E-07  3.629E-03 -1.669E-04 -2.365E-06 
 2.950E-07  3.270E-03 -1.440E-04 -3.749E-06 
 2.950E-07  2.164E-03 -1.004E-04 -3.721E-06 
 2.951E-07  8.752E-04 -5.253E-05 -1.011E-06 
 2.951E-07  3.078E-04 -2.164E-05  1.918E-08 
 2.952E-07  8.142E-05 -4.628E-06  6.249E-08 
 2.952E-07  2.508E-05  1.904E-06  6.855E-08 
 2.953E-07 -2.385E-06  1.215E-06  2.727E-08 
 2.954E-07  7.095E-07  2.633E-06  1.625E-08 
 2.955E-07 -1.148E-06  1.944E-06  6.957E-09 
 2.957E-07  1.175E-06  2.359E-06  5.932E-09 
 2.960E-07 -7.853E-07  2.075E-06  5.891E-09 
 2.965E-07  1.085E-06  2.300E-06  5.438E-09 
 2.975E-07 -7.280E-07  2.103E-06  5.979E-09 
 3.000E-07  1.053E-06  2.289E-06  5.420E-09 
