#format table ## [Custom WaveView] saved 00:18:10 Mon May 20 2024
TIME clk d q 
 0.000E+00  3.285E-09  3.285E-09  3.285E-09 
 1.000E-12  3.285E-09  3.285E-09  3.285E-09 
 2.000E-12  3.285E-09  3.285E-09  3.285E-09 
 5.200E-12  3.285E-09  3.285E-09  3.285E-09 
 1.544E-11  3.285E-09  3.285E-09  3.285E-09 
 4.821E-11  3.285E-09  3.285E-09  3.285E-09 
 1.531E-10  3.285E-09  3.285E-09  3.285E-09 
 4.886E-10  3.285E-09  3.285E-09  3.285E-09 
 1.562E-09  3.285E-09  3.285E-09  3.285E-09 
 4.998E-09  3.285E-09  3.285E-09  3.285E-09 
 1.599E-08  3.285E-09  3.285E-09  3.285E-09 
 3.099E-08  3.285E-09  3.285E-09  3.285E-09 
 4.300E-08  3.285E-09  3.285E-09  3.285E-09 
 4.315E-08  3.391E-09  5.287E-05  3.285E-09 
 4.321E-08 -9.498E-11  2.584E-05  3.285E-09 
 4.341E-08  6.841E-09 -3.027E-04  3.285E-09 
 4.353E-08 -1.430E-07 -7.065E-03  3.142E-09 
 4.358E-08  4.513E-07 -8.086E-03  2.935E-09 
 4.363E-08  2.291E-05  1.573E-01  2.147E-09 
 4.365E-08  4.276E-05  4.912E-01 -1.854E-09 
 4.368E-08  5.184E-05  8.837E-01 -1.466E-08 
 4.370E-08  7.700E-05  1.247E+00  1.164E-08 
 4.372E-08  6.759E-06  1.496E+00  1.142E-08 
 4.373E-08 -4.838E-05  1.619E+00  4.006E-08 
 4.376E-08 -5.685E-05  1.725E+00 -2.521E-08 
 4.378E-08 -4.415E-05  1.759E+00 -1.712E-08 
 4.380E-08 -3.020E-05  1.783E+00 -2.309E-08 
 4.383E-08 -2.120E-05  1.793E+00 -2.279E-08 
 4.387E-08 -1.673E-05  1.798E+00 -4.425E-08 
 4.391E-08 -2.581E-05  1.800E+00 -1.031E-07 
 4.397E-08 -7.545E-05  1.800E+00 -3.851E-07 
 4.400E-08 -1.476E-04  1.800E+00 -9.326E-07 
 4.401E-08 -1.741E-04  1.800E+00 -1.183E-06 
 4.402E-08 -2.130E-04  1.800E+00 -1.548E-06 
 4.404E-08 -3.564E-04  1.800E+00 -2.774E-06 
 4.407E-08 -5.875E-04  1.800E+00 -5.342E-06 
 4.411E-08 -6.239E-04  1.800E+00 -1.035E-05 
 4.414E-08 -8.057E-06  1.800E+00  4.286E-05 
 4.417E-08  2.794E-04  1.800E+00  3.724E-04 
 4.420E-08  2.096E-04  1.800E+00  9.347E-04 
 4.422E-08  3.037E-04  1.800E+00  1.109E-03 
 4.424E-08  4.305E-04  1.800E+00 -9.725E-04 
 4.426E-08  4.160E-04  1.800E+00 -1.443E-02 
 4.428E-08  3.819E-04  1.800E+00 -3.525E-02 
 4.430E-08  3.309E-04  1.800E+00 -3.999E-02 
 4.431E-08  2.592E-04  1.800E+00  1.184E-01 
 4.432E-08  2.010E-04  1.800E+00  4.842E-01 
 4.433E-08  1.625E-04  1.800E+00  8.793E-01 
 4.435E-08  1.191E-04  1.800E+00  1.361E+00 
 4.436E-08  9.936E-05  1.800E+00  1.537E+00 
 4.437E-08  7.716E-05  1.800E+00  1.660E+00 
 4.439E-08  5.975E-05  1.800E+00  1.723E+00 
 4.439E-08  5.163E-05  1.800E+00  1.748E+00 
 4.440E-08  4.528E-05  1.800E+00  1.763E+00 
 4.441E-08  4.097E-05  1.800E+00  1.773E+00 
 4.441E-08  3.764E-05  1.800E+00  1.780E+00 
 4.443E-08  3.184E-05  1.800E+00  1.790E+00 
 4.444E-08  2.974E-05  1.800E+00  1.792E+00 
 4.444E-08  2.793E-05  1.800E+00  1.794E+00 
 4.445E-08  2.559E-05  1.800E+00  1.796E+00 
 4.447E-08  2.120E-05  1.800E+00  1.798E+00 
 4.448E-08  1.918E-05  1.800E+00  1.799E+00 
 4.450E-08  1.562E-05  1.800E+00  1.800E+00 
 4.452E-08  1.136E-05  1.800E+00  1.800E+00 
 4.455E-08  7.375E-06  1.800E+00  1.800E+00 
 4.459E-08  4.359E-06  1.800E+00  1.800E+00 
 4.463E-08  2.165E-06  1.800E+00  1.800E+00 
 4.468E-08  1.009E-06  1.800E+00  1.800E+00 
 4.477E-08  2.560E-08  1.800E+00  1.800E+00 
 4.491E-08  6.190E-07  1.800E+00  1.800E+00 
 4.500E-08  6.772E-08  1.800E+00  1.800E+00 
 4.501E-08  1.227E-04  1.800E+00  1.800E+00 
 4.502E-08  1.801E-04  1.800E+00  1.800E+00 
 4.507E-08  4.445E-05  1.800E+00  1.800E+00 
 4.513E-08  3.026E-06  1.800E+00  1.800E+00 
 4.521E-08  1.845E-05  1.800E+00  1.800E+00 
 4.530E-08  8.140E-06  1.800E+00  1.800E+00 
 4.537E-08 -9.504E-05  1.800E+00  1.800E+00 
 4.548E-08 -2.046E-03  1.800E+00  1.800E+00 
 4.554E-08 -7.532E-03  1.800E+00  1.800E+00 
 4.557E-08 -1.305E-02  1.800E+00  1.800E+00 
 4.561E-08  4.916E-02  1.800E+00  1.800E+00 
 4.564E-08  2.976E-01  1.800E+00  1.800E+00 
 4.567E-08  6.152E-01  1.800E+00  1.800E+00 
 4.569E-08  9.963E-01  1.800E+00  1.800E+00 
 4.571E-08  1.339E+00  1.799E+00  1.800E+00 
 4.572E-08  1.506E+00  1.798E+00  1.800E+00 
 4.574E-08  1.612E+00  1.795E+00  1.800E+00 
 4.576E-08  1.672E+00  1.792E+00  1.800E+00 
 4.578E-08  1.714E+00  1.789E+00  1.800E+00 
 4.579E-08  1.737E+00  1.789E+00  1.800E+00 
 4.581E-08  1.757E+00  1.791E+00  1.800E+00 
 4.582E-08  1.774E+00  1.794E+00  1.800E+00 
 4.584E-08  1.785E+00  1.796E+00  1.800E+00 
 4.586E-08  1.792E+00  1.797E+00  1.800E+00 
 4.588E-08  1.796E+00  1.797E+00  1.800E+00 
 4.591E-08  1.798E+00  1.797E+00  1.800E+00 
 4.593E-08  1.799E+00  1.798E+00  1.800E+00 
 4.596E-08  1.800E+00  1.798E+00  1.800E+00 
 4.599E-08  1.800E+00  1.799E+00  1.800E+00 
 4.600E-08  1.800E+00  1.799E+00  1.800E+00 
 4.602E-08  1.800E+00  1.799E+00  1.800E+00 
 4.603E-08  1.800E+00  1.799E+00  1.800E+00 
 4.605E-08  1.800E+00  1.799E+00  1.800E+00 
 4.611E-08  1.800E+00  1.800E+00  1.800E+00 
 4.618E-08  1.800E+00  1.800E+00  1.800E+00 
 4.628E-08  1.800E+00  1.800E+00  1.800E+00 
 4.643E-08  1.800E+00  1.800E+00  1.800E+00 
 4.664E-08  1.800E+00  1.800E+00  1.800E+00 
 4.691E-08  1.800E+00  1.800E+00  1.800E+00 
 4.730E-08  1.800E+00  1.800E+00  1.800E+00 
 4.783E-08  1.800E+00  1.800E+00  1.800E+00 
 4.859E-08  1.800E+00  1.800E+00  1.800E+00 
 4.965E-08  1.800E+00  1.800E+00  1.800E+00 
 5.116E-08  1.800E+00  1.800E+00  1.800E+00 
 5.330E-08  1.800E+00  1.800E+00  1.800E+00 
 5.634E-08  1.800E+00  1.800E+00  1.800E+00 
 6.069E-08  1.800E+00  1.800E+00  1.800E+00 
 6.693E-08  1.800E+00  1.800E+00  1.800E+00 
 7.588E-08  1.800E+00  1.800E+00  1.800E+00 
 8.874E-08  1.800E+00  1.800E+00  1.800E+00 
 9.400E-08  1.800E+00  1.800E+00  1.800E+00 
 9.412E-08  1.800E+00  1.800E+00  1.800E+00 
 9.417E-08  1.800E+00  1.800E+00  1.800E+00 
 9.430E-08  1.800E+00  1.800E+00  1.800E+00 
 9.454E-08  1.804E+00  1.800E+00  1.800E+00 
 9.464E-08  1.824E+00  1.800E+00  1.800E+00 
 9.470E-08  1.814E+00  1.800E+00  1.800E+00 
 9.472E-08  1.662E+00  1.800E+00  1.800E+00 
 9.475E-08  1.419E+00  1.800E+00  1.800E+00 
 9.477E-08  9.676E-01  1.800E+00  1.800E+00 
 9.479E-08  4.130E-01  1.800E+00  1.800E+00 
 9.481E-08  8.020E-02  1.801E+00  1.800E+00 
 9.483E-08  3.321E-02  1.801E+00  1.800E+00 
 9.484E-08  1.521E-02  1.802E+00  1.800E+00 
 9.486E-08  1.317E-02  1.802E+00  1.800E+00 
 9.488E-08  1.040E-02  1.801E+00  1.800E+00 
 9.489E-08  9.276E-03  1.801E+00  1.800E+00 
 9.491E-08  8.238E-03  1.800E+00  1.800E+00 
 9.494E-08  6.698E-03  1.800E+00  1.800E+00 
 9.496E-08  5.287E-03  1.801E+00  1.800E+00 
 9.497E-08  4.905E-03  1.801E+00  1.800E+00 
 9.498E-08  4.320E-03  1.801E+00  1.800E+00 
 9.500E-08  3.423E-03  1.800E+00  1.800E+00 
 9.500E-08  3.214E-03  1.800E+00  1.800E+00 
 9.500E-08  3.016E-03  1.800E+00  1.800E+00 
 9.501E-08  2.789E-03  1.800E+00  1.800E+00 
 9.502E-08  2.221E-03  1.800E+00  1.800E+00 
 9.506E-08  9.036E-04  1.800E+00  1.800E+00 
 9.510E-08  3.288E-04  1.800E+00  1.800E+00 
 9.515E-08  9.472E-05  1.800E+00  1.800E+00 
 9.520E-08  3.452E-05  1.800E+00  1.800E+00 
 9.527E-08  2.458E-06  1.800E+00  1.800E+00 
 9.537E-08  3.681E-06  1.800E+00  1.800E+00 
 9.554E-08 -8.631E-07  1.800E+00  1.800E+00 
 9.583E-08  2.841E-06  1.800E+00  1.800E+00 
 9.654E-08 -6.310E-07  1.800E+00  1.800E+00 
 9.807E-08  2.708E-06  1.800E+00  1.800E+00 
 1.001E-07 -5.832E-07  1.800E+00  1.800E+00 
 1.028E-07  2.660E-06  1.800E+00  1.800E+00 
 1.065E-07 -5.539E-07  1.800E+00  1.800E+00 
 1.120E-07  2.635E-06  1.800E+00  1.800E+00 
 1.201E-07 -5.396E-07  1.800E+00  1.800E+00 
 1.318E-07  2.625E-06  1.800E+00  1.800E+00 
 1.450E-07 -5.316E-07  1.800E+00  1.800E+00 
 1.451E-07  5.938E-05  1.800E+00  1.800E+00 
 1.452E-07  2.519E-05  1.800E+00  1.800E+00 
 1.454E-07 -2.062E-04  1.800E+00  1.800E+00 
 1.455E-07 -8.882E-03  1.800E+00  1.800E+00 
 1.456E-07  1.121E-02  1.800E+00  1.800E+00 
 1.456E-07  1.291E-01  1.800E+00  1.800E+00 
 1.456E-07  3.148E-01  1.800E+00  1.800E+00 
 1.457E-07  6.950E-01  1.800E+00  1.800E+00 
 1.457E-07  1.115E+00  1.800E+00  1.800E+00 
 1.457E-07  1.428E+00  1.799E+00  1.800E+00 
 1.457E-07  1.556E+00  1.799E+00  1.800E+00 
 1.457E-07  1.644E+00  1.798E+00  1.800E+00 
 1.457E-07  1.658E+00  1.798E+00  1.800E+00 
 1.458E-07  1.679E+00  1.798E+00  1.800E+00 
 1.458E-07  1.718E+00  1.798E+00  1.800E+00 
 1.458E-07  1.735E+00  1.798E+00  1.800E+00 
 1.458E-07  1.765E+00  1.799E+00  1.800E+00 
 1.458E-07  1.778E+00  1.799E+00  1.800E+00 
 1.458E-07  1.788E+00  1.800E+00  1.800E+00 
 1.459E-07  1.794E+00  1.800E+00  1.800E+00 
 1.459E-07  1.797E+00  1.800E+00  1.800E+00 
 1.459E-07  1.798E+00  1.800E+00  1.800E+00 
 1.459E-07  1.798E+00  1.800E+00  1.800E+00 
 1.459E-07  1.799E+00  1.800E+00  1.800E+00 
 1.459E-07  1.799E+00  1.800E+00  1.800E+00 
 1.460E-07  1.800E+00  1.800E+00  1.800E+00 
 1.460E-07  1.800E+00  1.800E+00  1.800E+00 
 1.460E-07  1.800E+00  1.800E+00  1.800E+00 
 1.461E-07  1.800E+00  1.800E+00  1.800E+00 
 1.461E-07  1.800E+00  1.800E+00  1.800E+00 
 1.462E-07  1.800E+00  1.800E+00  1.800E+00 
 1.464E-07  1.800E+00  1.800E+00  1.800E+00 
 1.466E-07  1.800E+00  1.800E+00  1.800E+00 
 1.472E-07  1.800E+00  1.800E+00  1.800E+00 
 1.485E-07  1.800E+00  1.800E+00  1.800E+00 
 1.514E-07  1.800E+00  1.800E+00  1.800E+00 
 1.587E-07  1.800E+00  1.800E+00  1.800E+00 
 1.737E-07  1.800E+00  1.800E+00  1.800E+00 
 1.887E-07  1.800E+00  1.800E+00  1.800E+00 
 1.920E-07  1.800E+00  1.800E+00  1.800E+00 
 1.920E-07  1.800E+00  1.800E+00  1.800E+00 
 1.921E-07  1.800E+00  1.800E+00  1.800E+00 
 1.922E-07  1.800E+00  1.800E+00  1.800E+00 
 1.924E-07  1.800E+00  1.800E+00  1.800E+00 
 1.926E-07  1.800E+00  1.824E+00  1.800E+00 
 1.927E-07  1.800E+00  1.729E+00  1.800E+00 
 1.927E-07  1.800E+00  1.367E+00  1.800E+00 
 1.927E-07  1.800E+00  7.922E-01  1.800E+00 
 1.928E-07  1.801E+00  2.834E-01  1.800E+00 
 1.928E-07  1.801E+00  9.726E-02  1.800E+00 
 1.928E-07  1.801E+00  1.333E-02  1.800E+00 
 1.928E-07  1.800E+00  1.076E-02  1.800E+00 
 1.928E-07  1.800E+00  5.826E-03  1.800E+00 
 1.928E-07  1.800E+00  3.877E-03  1.800E+00 
 1.929E-07  1.800E+00  2.234E-03  1.800E+00 
 1.929E-07  1.800E+00  1.600E-03  1.800E+00 
 1.929E-07  1.800E+00  1.177E-03  1.800E+00 
 1.930E-07  1.800E+00  8.412E-04  1.800E+00 
 1.930E-07  1.800E+00  8.456E-04  1.800E+00 
 1.930E-07  1.800E+00  1.101E-03  1.800E+00 
 1.930E-07  1.800E+00  1.174E-03  1.800E+00 
 1.930E-07  1.800E+00  1.363E-03  1.800E+00 
 1.931E-07  1.800E+00  1.547E-03  1.800E+00 
 1.931E-07  1.800E+00  1.611E-03  1.800E+00 
 1.931E-07  1.800E+00  1.585E-03  1.800E+00 
 1.931E-07  1.800E+00  1.519E-03  1.800E+00 
 1.931E-07  1.800E+00  1.488E-03  1.800E+00 
 1.931E-07  1.800E+00  1.435E-03  1.800E+00 
 1.932E-07  1.800E+00  1.329E-03  1.800E+00 
 1.932E-07  1.800E+00  1.141E-03  1.800E+00 
 1.932E-07  1.800E+00  9.014E-04  1.800E+00 
 1.933E-07  1.800E+00  6.509E-04  1.800E+00 
 1.933E-07  1.800E+00  4.212E-04  1.800E+00 
 1.934E-07  1.800E+00  2.278E-04  1.800E+00 
 1.934E-07  1.800E+00  1.114E-04  1.800E+00 
 1.935E-07  1.800E+00  5.244E-05  1.800E+00 
 1.936E-07  1.800E+00  3.285E-05  1.800E+00 
 1.937E-07  1.800E+00  2.534E-05  1.800E+00 
 1.939E-07  1.800E+00  1.776E-05  1.800E+00 
 1.940E-07  1.800E+00  1.973E-05  1.800E+00 
 1.940E-07  1.800E+00  1.119E-05  1.800E+00 
 1.940E-07  1.800E+00  7.527E-06  1.800E+00 
 1.941E-07  1.800E+00  6.836E-06  1.800E+00 
 1.941E-07  1.800E+00  6.454E-06  1.800E+00 
 1.942E-07  1.800E+00  5.767E-06  1.800E+00 
 1.945E-07  1.801E+00  4.705E-06  1.800E+00 
 1.946E-07  1.823E+00  4.381E-06  1.800E+00 
 1.947E-07  1.810E+00  1.471E-06  1.800E+00 
 1.947E-07  1.630E+00 -1.726E-05  1.800E+00 
 1.947E-07  1.343E+00 -4.665E-05  1.800E+00 
 1.948E-07  8.480E-01 -5.071E-06  1.800E+00 
 1.948E-07  2.946E-01  8.363E-04  1.800E+00 
 1.948E-07  5.744E-02  1.630E-03  1.800E+00 
 1.948E-07  2.517E-02  1.601E-03  1.800E+00 
 1.948E-07  1.201E-02  8.447E-04  1.800E+00 
 1.949E-07  1.135E-02  2.366E-04  1.800E+00 
 1.949E-07  9.273E-03 -9.163E-04  1.800E+00 
 1.949E-07  8.684E-03 -1.463E-03  1.800E+00 
 1.949E-07  7.958E-03 -1.358E-03  1.800E+00 
 1.949E-07  6.748E-03 -9.747E-04  1.800E+00 
 1.950E-07  5.620E-03 -6.368E-04  1.800E+00 
 1.950E-07  5.134E-03 -3.619E-04  1.800E+00 
 1.950E-07  4.481E-03 -2.036E-04  1.800E+00 
 1.950E-07  3.746E-03 -1.561E-04  1.800E+00 
 1.950E-07  3.316E-03 -1.377E-04  1.800E+00 
 1.950E-07  2.965E-03 -1.249E-04  1.800E+00 
 1.950E-07  1.977E-03 -9.364E-05  1.800E+00 
 1.951E-07  7.694E-04 -4.694E-05  1.800E+00 
 1.951E-07  2.116E-04 -2.075E-05  1.800E+00 
 1.952E-07 -1.343E-04 -8.508E-06  1.800E+00 
 1.952E-07 -1.683E-04 -1.683E-06  1.799E+00 
 1.952E-07 -1.610E-04 -7.576E-07  1.798E+00 
 1.952E-07 -4.324E-05  3.662E-06  1.813E+00 
 1.953E-07  1.038E-04  6.922E-06  1.844E+00 
 1.953E-07  2.274E-04  8.323E-06  1.885E+00 
 1.953E-07  1.073E-04 -8.757E-07  1.865E+00 
 1.953E-07  2.789E-05 -4.442E-06  1.755E+00 
 1.953E-07 -6.218E-05 -7.080E-06  1.577E+00 
 1.953E-07 -1.000E-04 -7.146E-06  1.345E+00 
 1.953E-07 -1.215E-04 -5.866E-06  1.045E+00 
 1.954E-07 -1.507E-04 -4.480E-06  3.328E-01 
 1.954E-07 -1.545E-04 -3.749E-06  1.643E-01 
 1.954E-07 -1.541E-04 -2.910E-06  5.821E-02 
 1.954E-07 -1.490E-04 -1.847E-06  1.379E-02 
 1.954E-07 -1.353E-04 -6.210E-07  3.859E-03 
 1.954E-07 -1.227E-04  2.802E-08  3.161E-03 
 1.954E-07 -1.077E-04  5.664E-07  2.140E-03 
 1.954E-07 -8.951E-05  9.310E-07  1.266E-03 
 1.954E-07 -7.772E-05  1.002E-06  8.474E-04 
 1.954E-07 -6.645E-05  1.041E-06  5.698E-04 
 1.955E-07 -5.108E-05  9.563E-07  2.648E-04 
 1.955E-07 -4.355E-05  8.516E-07  1.825E-04 
 1.955E-07 -3.340E-05  6.773E-07  6.941E-05 
 1.955E-07 -2.594E-05  5.305E-07  4.218E-05 
 1.956E-07 -1.805E-05  3.927E-07  8.549E-07 
 1.956E-07 -1.231E-05  3.073E-07  1.235E-05 
 1.957E-07 -6.877E-06  2.541E-07 -8.701E-06 
 1.957E-07 -5.720E-06  2.451E-07 -5.512E-07 
 1.957E-07 -4.025E-06  2.330E-07 -1.043E-07 
 1.958E-07 -1.700E-06  2.248E-07 -1.068E-06 
 1.961E-07  6.422E-08  2.062E-07 -2.005E-07 
 1.963E-07  1.318E-08  2.223E-07 -1.057E-06 
 1.966E-07 -1.644E-08  2.075E-07 -2.521E-07 
 1.970E-07  1.261E-07  2.213E-07 -1.024E-06 
 1.979E-07  1.474E-08  2.078E-07 -2.757E-07 
 1.991E-07  1.652E-07  2.212E-07 -1.016E-06 
 2.008E-07  2.048E-08  2.078E-07 -2.849E-07 
 2.031E-07  1.734E-07  2.212E-07 -1.011E-06 
 2.065E-07  2.065E-08  2.078E-07 -2.896E-07 
 2.115E-07  1.758E-07  2.212E-07 -1.008E-06 
 2.188E-07  2.038E-08  2.078E-07 -2.918E-07 
 2.292E-07  1.766E-07  2.212E-07 -1.007E-06 
 2.450E-07  2.016E-08  2.078E-07 -2.928E-07 
 2.451E-07  5.897E-05  2.290E-07  1.528E-07 
 2.452E-07  2.334E-05 -1.127E-07 -1.054E-07 
 2.454E-07 -4.061E-04  9.970E-08  9.789E-08 
 2.455E-07 -9.053E-03 -2.158E-07 -8.368E-08 
 2.456E-07  7.163E-03  2.576E-06  5.965E-08 
 2.456E-07  1.126E-01  1.438E-05  6.428E-08 
 2.456E-07  2.780E-01  3.263E-05  3.340E-08 
 2.457E-07  6.405E-01  3.689E-05 -3.237E-08 
 2.457E-07  1.066E+00 -1.930E-04 -9.810E-07 
 2.457E-07  1.400E+00 -7.552E-04 -1.882E-06 
 2.457E-07  1.537E+00 -1.087E-03 -1.105E-07 
 2.457E-07  1.632E+00 -1.992E-03 -6.757E-07 
 2.458E-07  1.679E+00 -1.883E-03  4.394E-06 
 2.458E-07  1.722E+00 -9.638E-05  8.643E-06 
 2.458E-07  1.745E+00  1.251E-03  2.059E-06 
 2.458E-07  1.769E+00  1.882E-03 -6.301E-06 
 2.458E-07  1.782E+00  1.685E-03 -1.025E-05 
 2.459E-07  1.790E+00  1.170E-03 -7.113E-06 
 2.459E-07  1.795E+00  5.978E-04  8.084E-06 
 2.459E-07  1.797E+00  2.846E-04  7.324E-06 
 2.459E-07  1.799E+00  7.043E-05  4.620E-07 
 2.459E-07  1.799E+00  9.265E-07 -7.134E-07 
 2.459E-07  1.799E+00 -1.045E-05 -7.703E-07 
 2.460E-07  1.799E+00 -2.655E-05 -8.239E-07 
 2.460E-07  1.800E+00 -3.893E-05 -5.903E-07 
 2.460E-07  1.800E+00 -3.765E-05 -4.776E-07 
 2.460E-07  1.800E+00 -3.361E-05 -3.556E-07 
 2.460E-07  1.800E+00 -3.217E-05 -3.190E-07 
 2.460E-07  1.800E+00 -2.755E-05 -2.240E-07 
 2.461E-07  1.800E+00 -1.401E-05 -2.853E-08 
 2.462E-07  1.800E+00 -4.837E-06 -8.991E-09 
 2.463E-07  1.800E+00  2.711E-06  2.117E-08 
 2.464E-07  1.800E+00  3.909E-06 -1.013E-08 
 2.466E-07  1.800E+00  3.922E-06  1.183E-08 
 2.468E-07  1.800E+00  3.890E-06 -1.514E-08 
 2.471E-07  1.800E+00  3.407E-06  7.987E-09 
 2.475E-07  1.800E+00  3.407E-06 -1.477E-08 
 2.481E-07  1.800E+00  2.841E-06  7.053E-09 
 2.491E-07  1.800E+00  2.797E-06 -1.453E-08 
 2.504E-07  1.800E+00  2.276E-06  6.732E-09 
 2.523E-07  1.800E+00  2.305E-06 -1.443E-08 
 2.550E-07  1.800E+00  1.870E-06  6.586E-09 
 2.588E-07  1.800E+00  1.975E-06 -1.438E-08 
 2.645E-07  1.800E+00  1.616E-06  6.519E-09 
 2.726E-07  1.800E+00  1.786E-06 -1.436E-08 
 2.844E-07  1.800E+00  1.481E-06  6.487E-09 
 2.940E-07  1.800E+00  1.704E-06 -1.434E-08 
 2.941E-07  1.800E+00  2.013E-07  6.062E-09 
 2.942E-07  1.800E+00  5.958E-08  1.632E-09 
 2.944E-07  1.800E+00  1.514E-07  4.505E-09 
 2.944E-07  1.800E+00  1.227E-07  3.516E-09 
 2.945E-07  1.801E+00  1.869E-07  3.415E-09 
 2.946E-07  1.812E+00  2.223E-07  3.141E-09 
 2.946E-07  1.822E+00  3.909E-07  3.708E-09 
 2.947E-07  1.829E+00 -9.813E-07  8.323E-10 
 2.947E-07  1.687E+00 -1.466E-05 -1.885E-08 
 2.947E-07  1.446E+00 -3.715E-05 -5.090E-08 
 2.948E-07  1.062E+00 -7.472E-05 -1.021E-07 
 2.948E-07  4.964E-01  3.784E-04  1.861E-06 
 2.948E-07  8.871E-02  1.422E-03  2.344E-06 
 2.948E-07  3.423E-02  1.569E-03 -6.479E-07 
 2.948E-07  1.489E-02  1.261E-03 -2.377E-06 
 2.949E-07  1.260E-02  8.686E-04 -2.034E-06 
 2.949E-07  1.063E-02  2.313E-04 -1.769E-06 
 2.949E-07  9.035E-03 -8.019E-04 -2.314E-06 
 2.949E-07  8.419E-03 -1.750E-03 -3.711E-06 
 2.949E-07  7.749E-03 -1.541E-03 -8.358E-06 
 2.949E-07  6.566E-03 -1.045E-03  4.922E-06 
 2.950E-07  5.201E-03 -6.265E-04  1.360E-05 
 2.950E-07  4.673E-03 -3.703E-04  1.338E-05 
 2.950E-07  3.939E-03 -1.899E-04 -1.547E-07 
 2.950E-07  3.783E-03 -1.772E-04 -1.533E-06 
 2.950E-07  3.625E-03 -1.623E-04 -2.718E-06 
 2.950E-07  3.417E-03 -1.476E-04 -3.722E-06 
 2.950E-07  2.843E-03 -1.226E-04 -4.316E-06 
 2.951E-07  1.304E-03 -6.915E-05 -2.134E-06 
 2.951E-07  5.318E-04 -3.549E-05 -2.469E-07 
 2.951E-07  1.514E-04 -1.198E-05  1.743E-07 
 2.952E-07  3.509E-05 -2.399E-06  9.331E-08 
 2.952E-07  6.917E-06  8.442E-08  1.144E-07 
 2.953E-07 -3.697E-06  3.994E-08  5.146E-08 
 2.955E-07  1.080E-06  3.712E-07  7.932E-08 
 2.956E-07 -1.267E-06  1.179E-07  3.776E-08 
 2.959E-07  9.134E-07  3.180E-07  7.209E-08 
 2.962E-07 -9.003E-07  1.437E-07  3.954E-08 
 2.969E-07  7.632E-07  3.027E-07  7.025E-08 
 2.986E-07 -8.351E-07  1.505E-07  4.045E-08 
 3.000E-07  7.212E-07  2.984E-07  6.964E-08 
