#format table ## [Custom WaveView] saved 00:21:15 Mon May 20 2024
TIME clk d q 
 0.000E+00  3.285E-09  3.285E-09  3.285E-09 
 1.000E-12  3.285E-09  3.285E-09  3.285E-09 
 2.000E-12  3.285E-09  3.285E-09  3.285E-09 
 5.200E-12  3.285E-09  3.285E-09  3.285E-09 
 1.544E-11  3.285E-09  3.285E-09  3.285E-09 
 4.821E-11  3.285E-09  3.285E-09  3.285E-09 
 1.531E-10  3.285E-09  3.285E-09  3.285E-09 
 4.886E-10  3.285E-09  3.285E-09  3.285E-09 
 1.562E-09  3.285E-09  3.285E-09  3.285E-09 
 4.998E-09  3.285E-09  3.285E-09  3.285E-09 
 1.599E-08  3.285E-09  3.285E-09  3.285E-09 
 3.099E-08  3.285E-09  3.285E-09  3.285E-09 
 4.400E-08  3.285E-09  3.285E-09  3.285E-09 
 4.415E-08  3.391E-09  5.287E-05  3.285E-09 
 4.421E-08  1.710E-11  2.508E-05  3.285E-09 
 4.442E-08  6.384E-09 -3.965E-04  3.285E-09 
 4.454E-08 -1.278E-07 -7.527E-03  3.293E-09 
 4.459E-08  7.918E-07 -6.799E-03  3.285E-09 
 4.463E-08  2.458E-05  1.697E-01  2.823E-09 
 4.465E-08  4.362E-05  5.018E-01 -9.381E-10 
 4.468E-08  5.296E-05  9.002E-01 -1.335E-08 
 4.470E-08  7.750E-05  1.260E+00  1.611E-08 
 4.472E-08  4.186E-06  1.502E+00  1.445E-08 
 4.473E-08 -4.837E-05  1.623E+00  4.420E-08 
 4.476E-08 -5.449E-05  1.731E+00 -2.004E-08 
 4.478E-08 -4.077E-05  1.762E+00 -8.301E-09 
 4.481E-08 -2.541E-05  1.785E+00 -8.502E-09 
 4.483E-08 -1.472E-05  1.794E+00  1.198E-09 
 4.487E-08 -6.687E-06  1.798E+00  9.698E-10 
 4.491E-08 -3.110E-06  1.800E+00 -1.585E-09 
 4.497E-08 -4.155E-06  1.800E+00 -1.464E-08 
 4.500E-08 -7.019E-06  1.800E+00 -2.656E-08 
 4.501E-08  1.199E-04  1.800E+00 -3.274E-08 
 4.502E-08  1.589E-04  1.800E+00 -4.039E-08 
 4.505E-08  8.847E-05  1.800E+00 -6.763E-08 
 4.512E-08 -7.550E-05  1.800E+00 -3.328E-07 
 4.517E-08 -1.802E-04  1.800E+00 -1.288E-06 
 4.522E-08 -5.282E-04  1.800E+00 -4.519E-06 
 4.526E-08 -6.514E-04  1.800E+00 -1.026E-05 
 4.529E-08 -3.430E-05  1.800E+00  3.334E-05 
 4.532E-08  2.839E-04  1.800E+00  3.784E-04 
 4.535E-08  1.668E-04  1.800E+00  9.284E-04 
 4.537E-08  1.933E-04  1.800E+00  1.110E-03 
 4.539E-08  1.709E-04  1.800E+00 -9.085E-04 
 4.542E-08 -5.377E-05  1.800E+00 -1.434E-02 
 4.543E-08 -2.959E-04  1.800E+00 -3.505E-02 
 4.545E-08 -6.429E-04  1.800E+00 -4.029E-02 
 4.546E-08 -1.077E-03  1.800E+00  1.155E-01 
 4.547E-08 -1.599E-03  1.800E+00  4.804E-01 
 4.548E-08 -2.173E-03  1.800E+00  8.745E-01 
 4.550E-08 -3.271E-03  1.800E+00  1.359E+00 
 4.551E-08 -4.162E-03  1.800E+00  1.536E+00 
 4.552E-08 -5.561E-03  1.800E+00  1.660E+00 
 4.554E-08 -7.178E-03  1.800E+00  1.723E+00 
 4.554E-08 -8.310E-03  1.800E+00  1.748E+00 
 4.555E-08 -9.563E-03  1.800E+00  1.763E+00 
 4.556E-08 -1.070E-02  1.800E+00  1.773E+00 
 4.557E-08 -1.192E-02  1.800E+00  1.780E+00 
 4.558E-08 -1.395E-02  1.800E+00  1.790E+00 
 4.559E-08 -1.349E-02  1.800E+00  1.792E+00 
 4.559E-08 -1.218E-02  1.800E+00  1.794E+00 
 4.560E-08 -5.888E-03  1.800E+00  1.796E+00 
 4.562E-08  3.910E-02  1.800E+00  1.798E+00 
 4.563E-08  9.370E-02  1.800E+00  1.799E+00 
 4.565E-08  2.698E-01  1.800E+00  1.800E+00 
 4.567E-08  6.065E-01  1.800E+00  1.800E+00 
 4.569E-08  9.229E-01  1.800E+00  1.800E+00 
 4.571E-08  1.287E+00  1.799E+00  1.800E+00 
 4.572E-08  1.473E+00  1.798E+00  1.800E+00 
 4.574E-08  1.598E+00  1.796E+00  1.800E+00 
 4.576E-08  1.664E+00  1.793E+00  1.800E+00 
 4.578E-08  1.707E+00  1.790E+00  1.800E+00 
 4.579E-08  1.731E+00  1.789E+00  1.800E+00 
 4.581E-08  1.751E+00  1.790E+00  1.800E+00 
 4.582E-08  1.772E+00  1.793E+00  1.800E+00 
 4.584E-08  1.783E+00  1.796E+00  1.800E+00 
 4.586E-08  1.791E+00  1.797E+00  1.800E+00 
 4.588E-08  1.795E+00  1.797E+00  1.800E+00 
 4.588E-08  1.796E+00  1.797E+00  1.800E+00 
 4.589E-08  1.797E+00  1.797E+00  1.800E+00 
 4.591E-08  1.798E+00  1.797E+00  1.800E+00 
 4.595E-08  1.800E+00  1.798E+00  1.800E+00 
 4.598E-08  1.800E+00  1.799E+00  1.800E+00 
 4.600E-08  1.800E+00  1.799E+00  1.800E+00 
 4.602E-08  1.800E+00  1.799E+00  1.800E+00 
 4.603E-08  1.800E+00  1.799E+00  1.800E+00 
 4.605E-08  1.800E+00  1.799E+00  1.800E+00 
 4.612E-08  1.800E+00  1.800E+00  1.800E+00 
 4.618E-08  1.800E+00  1.800E+00  1.800E+00 
 4.629E-08  1.800E+00  1.800E+00  1.800E+00 
 4.644E-08  1.800E+00  1.800E+00  1.800E+00 
 4.666E-08  1.800E+00  1.800E+00  1.800E+00 
 4.694E-08  1.800E+00  1.800E+00  1.800E+00 
 4.734E-08  1.800E+00  1.800E+00  1.800E+00 
 4.788E-08  1.800E+00  1.800E+00  1.800E+00 
 4.866E-08  1.800E+00  1.800E+00  1.800E+00 
 4.975E-08  1.800E+00  1.800E+00  1.800E+00 
 5.129E-08  1.800E+00  1.800E+00  1.800E+00 
 5.348E-08  1.800E+00  1.800E+00  1.800E+00 
 5.660E-08  1.800E+00  1.800E+00  1.800E+00 
 6.106E-08  1.800E+00  1.800E+00  1.800E+00 
 6.746E-08  1.800E+00  1.800E+00  1.800E+00 
 7.664E-08  1.800E+00  1.800E+00  1.800E+00 
 8.984E-08  1.800E+00  1.800E+00  1.800E+00 
 9.400E-08  1.800E+00  1.800E+00  1.800E+00 
 9.412E-08  1.800E+00  1.800E+00  1.800E+00 
 9.416E-08  1.800E+00  1.800E+00  1.800E+00 
 9.428E-08  1.800E+00  1.800E+00  1.800E+00 
 9.451E-08  1.802E+00  1.800E+00  1.800E+00 
 9.463E-08  1.821E+00  1.800E+00  1.800E+00 
 9.469E-08  1.828E+00  1.800E+00  1.800E+00 
 9.471E-08  1.722E+00  1.800E+00  1.800E+00 
 9.474E-08  1.551E+00  1.800E+00  1.800E+00 
 9.476E-08  1.099E+00  1.800E+00  1.800E+00 
 9.478E-08  5.939E-01  1.800E+00  1.800E+00 
 9.481E-08  1.041E-01  1.801E+00  1.800E+00 
 9.482E-08  3.981E-02  1.801E+00  1.800E+00 
 9.484E-08  1.685E-02  1.802E+00  1.800E+00 
 9.486E-08  1.357E-02  1.802E+00  1.800E+00 
 9.486E-08  1.243E-02  1.802E+00  1.800E+00 
 9.487E-08  1.160E-02  1.801E+00  1.800E+00 
 9.489E-08  9.763E-03  1.801E+00  1.800E+00 
 9.490E-08  8.915E-03  1.801E+00  1.800E+00 
 9.493E-08  7.312E-03  1.800E+00  1.800E+00 
 9.495E-08  5.886E-03  1.801E+00  1.800E+00 
 9.496E-08  4.941E-03  1.801E+00  1.800E+00 
 9.498E-08  4.664E-03  1.801E+00  1.800E+00 
 9.500E-08  3.286E-03  1.800E+00  1.800E+00 
 9.501E-08  3.011E-03  1.800E+00  1.800E+00 
 9.502E-08  2.556E-03  1.800E+00  1.800E+00 
 9.504E-08  1.543E-03  1.800E+00  1.800E+00 
 9.509E-08  4.156E-04  1.800E+00  1.800E+00 
 9.513E-08  1.545E-04  1.800E+00  1.800E+00 
 9.518E-08  4.639E-05  1.800E+00  1.800E+00 
 9.524E-08  9.782E-06  1.800E+00  1.800E+00 
 9.534E-08  8.523E-07  1.800E+00  1.800E+00 
 9.547E-08 -6.794E-07  1.800E+00  1.800E+00 
 9.571E-08  1.866E-07  1.800E+00  1.800E+00 
 9.620E-08 -5.849E-07  1.800E+00  1.800E+00 
 9.688E-08  1.194E-07  1.800E+00  1.800E+00 
 9.781E-08 -5.537E-07  1.800E+00  1.800E+00 
 9.905E-08  9.315E-08  1.800E+00  1.800E+00 
 1.008E-07 -5.375E-07  1.800E+00  1.800E+00 
 1.035E-07  8.147E-08  1.800E+00  1.800E+00 
 1.072E-07 -5.298E-07  1.800E+00  1.800E+00 
 1.125E-07  7.642E-08  1.800E+00  1.800E+00 
 1.201E-07 -5.256E-07  1.800E+00  1.800E+00 
 1.311E-07  7.437E-08  1.800E+00  1.800E+00 
 1.450E-07 -5.232E-07  1.800E+00  1.800E+00 
 1.451E-07  5.930E-05  1.800E+00  1.800E+00 
 1.452E-07  2.460E-05  1.800E+00  1.800E+00 
 1.454E-07 -2.513E-04  1.800E+00  1.800E+00 
 1.455E-07 -8.738E-03  1.800E+00  1.800E+00 
 1.456E-07  7.789E-03  1.800E+00  1.800E+00 
 1.456E-07  1.175E-01  1.800E+00  1.800E+00 
 1.456E-07  2.903E-01  1.800E+00  1.800E+00 
 1.457E-07  6.631E-01  1.800E+00  1.800E+00 
 1.457E-07  1.088E+00  1.800E+00  1.800E+00 
 1.457E-07  1.418E+00  1.799E+00  1.800E+00 
 1.457E-07  1.550E+00  1.799E+00  1.800E+00 
 1.457E-07  1.640E+00  1.798E+00  1.800E+00 
 1.458E-07  1.686E+00  1.798E+00  1.800E+00 
 1.458E-07  1.719E+00  1.798E+00  1.800E+00 
 1.458E-07  1.741E+00  1.798E+00  1.800E+00 
 1.458E-07  1.767E+00  1.799E+00  1.800E+00 
 1.458E-07  1.779E+00  1.799E+00  1.800E+00 
 1.458E-07  1.789E+00  1.800E+00  1.800E+00 
 1.459E-07  1.794E+00  1.800E+00  1.800E+00 
 1.459E-07  1.797E+00  1.800E+00  1.800E+00 
 1.459E-07  1.798E+00  1.800E+00  1.800E+00 
 1.459E-07  1.799E+00  1.800E+00  1.800E+00 
 1.459E-07  1.799E+00  1.800E+00  1.800E+00 
 1.460E-07  1.800E+00  1.800E+00  1.800E+00 
 1.460E-07  1.800E+00  1.800E+00  1.800E+00 
 1.460E-07  1.800E+00  1.800E+00  1.800E+00 
 1.460E-07  1.800E+00  1.800E+00  1.800E+00 
 1.460E-07  1.800E+00  1.800E+00  1.800E+00 
 1.460E-07  1.800E+00  1.800E+00  1.800E+00 
 1.461E-07  1.800E+00  1.800E+00  1.800E+00 
 1.462E-07  1.800E+00  1.800E+00  1.800E+00 
 1.463E-07  1.800E+00  1.800E+00  1.800E+00 
 1.464E-07  1.800E+00  1.800E+00  1.800E+00 
 1.468E-07  1.800E+00  1.800E+00  1.800E+00 
 1.478E-07  1.800E+00  1.800E+00  1.800E+00 
 1.510E-07  1.800E+00  1.800E+00  1.800E+00 
 1.603E-07  1.800E+00  1.800E+00  1.800E+00 
 1.753E-07  1.800E+00  1.800E+00  1.800E+00 
 1.903E-07  1.800E+00  1.800E+00  1.800E+00 
 1.930E-07  1.800E+00  1.800E+00  1.800E+00 
 1.930E-07  1.800E+00  1.800E+00  1.800E+00 
 1.931E-07  1.800E+00  1.800E+00  1.800E+00 
 1.932E-07  1.800E+00  1.800E+00  1.800E+00 
 1.933E-07  1.800E+00  1.800E+00  1.800E+00 
 1.936E-07  1.800E+00  1.807E+00  1.800E+00 
 1.936E-07  1.800E+00  1.825E+00  1.800E+00 
 1.937E-07  1.800E+00  1.799E+00  1.800E+00 
 1.937E-07  1.800E+00  1.607E+00  1.800E+00 
 1.937E-07  1.800E+00  1.301E+00  1.800E+00 
 1.938E-07  1.800E+00  8.591E-01  1.800E+00 
 1.938E-07  1.801E+00  2.900E-01  1.800E+00 
 1.938E-07  1.802E+00  6.938E-02  1.800E+00 
 1.938E-07  1.801E+00  2.533E-02  1.800E+00 
 1.938E-07  1.800E+00  1.050E-02  1.800E+00 
 1.939E-07  1.800E+00  6.274E-03  1.800E+00 
 1.939E-07  1.799E+00  3.349E-03  1.800E+00 
 1.939E-07  1.800E+00  2.143E-03  1.800E+00 
 1.939E-07  1.800E+00  1.468E-03  1.800E+00 
 1.940E-07  1.800E+00  1.164E-03  1.800E+00 
 1.940E-07  1.800E+00  9.094E-04  1.800E+00 
 1.940E-07  1.800E+00  9.628E-04  1.800E+00 
 1.940E-07  1.800E+00  9.842E-04  1.800E+00 
 1.940E-07  1.800E+00  1.098E-03  1.800E+00 
 1.941E-07  1.800E+00  1.325E-03  1.800E+00 
 1.941E-07  1.800E+00  1.579E-03  1.800E+00 
 1.941E-07  1.800E+00  1.587E-03  1.800E+00 
 1.941E-07  1.800E+00  1.536E-03  1.800E+00 
 1.941E-07  1.800E+00  1.496E-03  1.800E+00 
 1.942E-07  1.800E+00  1.467E-03  1.800E+00 
 1.942E-07  1.800E+00  1.386E-03  1.800E+00 
 1.942E-07  1.800E+00  1.253E-03  1.800E+00 
 1.942E-07  1.800E+00  1.034E-03  1.800E+00 
 1.943E-07  1.800E+00  7.911E-04  1.800E+00 
 1.943E-07  1.800E+00  5.425E-04  1.800E+00 
 1.943E-07  1.800E+00  3.298E-04  1.800E+00 
 1.944E-07  1.800E+00  1.613E-04  1.800E+00 
 1.945E-07  1.802E+00  7.952E-05  1.800E+00 
 1.946E-07  1.808E+00  3.848E-05  1.800E+00 
 1.946E-07  1.818E+00  2.804E-05  1.800E+00 
 1.947E-07  1.831E+00  2.088E-05  1.800E+00 
 1.947E-07  1.787E+00  9.582E-06  1.800E+00 
 1.947E-07  1.492E+00 -3.521E-05  1.800E+00 
 1.948E-07  1.090E+00 -6.711E-05  1.800E+00 
 1.948E-07  5.716E-01  2.728E-04  1.800E+00 
 1.948E-07  1.392E-01  1.346E-03  1.800E+00 
 1.948E-07  1.083E-01  1.471E-03  1.800E+00 
 1.948E-07  8.066E-02  1.575E-03  1.800E+00 
 1.948E-07  3.251E-02  1.629E-03  1.800E+00 
 1.948E-07  1.448E-02  1.204E-03  1.800E+00 
 1.949E-07  1.230E-02  5.772E-04  1.800E+00 
 1.949E-07  1.012E-02 -3.811E-04  1.800E+00 
 1.949E-07  9.001E-03 -1.194E-03  1.800E+00 
 1.949E-07  8.366E-03 -1.467E-03  1.800E+00 
 1.949E-07  7.262E-03 -1.128E-03  1.800E+00 
 1.950E-07  6.014E-03 -7.869E-04  1.800E+00 
 1.950E-07  5.645E-03 -6.459E-04  1.800E+00 
 1.950E-07  5.486E-03 -5.775E-04  1.800E+00 
 1.950E-07  5.109E-03 -3.807E-04  1.800E+00 
 1.950E-07  4.594E-03 -2.328E-04  1.800E+00 
 1.950E-07  4.174E-03 -1.884E-04  1.800E+00 
 1.950E-07  3.698E-03 -1.583E-04  1.800E+00 
 1.950E-07  3.383E-03 -1.424E-04  1.800E+00 
 1.950E-07  2.397E-03 -1.073E-04  1.800E+00 
 1.951E-07  1.035E-03 -5.988E-05  1.800E+00 
 1.951E-07  3.986E-04 -2.726E-05  1.800E+00 
 1.951E-07 -3.520E-05 -1.103E-05  1.800E+00 
 1.952E-07 -1.699E-04 -2.019E-06  1.799E+00 
 1.952E-07 -1.613E-04  2.627E-07  1.799E+00 
 1.952E-07 -1.369E-04  2.281E-06  1.799E+00 
 1.953E-07  2.489E-06  6.459E-06  1.821E+00 
 1.953E-07  1.515E-04  9.894E-06  1.853E+00 
 1.953E-07  2.301E-04  8.896E-06  1.889E+00 
 1.953E-07  6.042E-05 -1.818E-06  1.840E+00 
 1.953E-07 -1.174E-05 -4.450E-06  1.704E+00 
 1.953E-07 -7.931E-05 -5.565E-06  1.496E+00 
 1.953E-07 -1.118E-04 -5.369E-06  1.251E+00 
 1.953E-07 -1.303E-04 -4.177E-06  9.453E-01 
 1.953E-07 -1.360E-04 -3.897E-06  8.162E-01 
 1.953E-07 -1.420E-04 -3.540E-06  6.563E-01 
 1.954E-07 -1.533E-04 -2.360E-06  2.369E-01 
 1.954E-07 -1.548E-04 -1.396E-06  7.671E-02 
 1.954E-07 -1.497E-04 -2.023E-07  1.309E-02 
 1.954E-07 -1.394E-04  7.820E-07  5.161E-03 
 1.954E-07 -1.261E-04  1.571E-06  3.462E-03 
 1.954E-07 -1.121E-04  2.129E-06  2.405E-03 
 1.954E-07 -9.258E-05  2.587E-06  1.378E-03 
 1.954E-07 -8.080E-05  2.628E-06  9.412E-04 
 1.954E-07 -6.897E-05  2.733E-06  6.223E-04 
 1.955E-07 -6.640E-05  2.731E-06  5.619E-04 
 1.955E-07 -6.177E-05  2.721E-06  4.650E-04 
 1.955E-07 -5.010E-05  2.633E-06  2.626E-04 
 1.955E-07 -2.899E-05  2.301E-06  3.471E-05 
 1.955E-07 -2.371E-05  2.187E-06  1.793E-05 
 1.956E-07 -1.646E-05  2.060E-06  4.787E-06 
 1.956E-07 -1.183E-05  1.996E-06  2.788E-06 
 1.957E-07 -4.636E-06  1.942E-06 -9.035E-07 
 1.958E-07 -1.718E-06  1.930E-06  5.991E-07 
 1.959E-07 -5.068E-07  1.951E-06 -4.695E-07 
 1.961E-07 -1.742E-07  1.922E-06  3.576E-07 
 1.963E-07  3.063E-08  1.943E-06 -3.888E-07 
 1.966E-07  7.032E-08  1.924E-06  2.866E-07 
 1.971E-07  1.286E-07  1.942E-06 -3.630E-07 
 1.980E-07  1.210E-07  1.925E-06  2.630E-07 
 1.992E-07  1.569E-07  1.941E-06 -3.542E-07 
 2.009E-07  1.310E-07  1.925E-06  2.531E-07 
 2.032E-07  1.625E-07  1.941E-06 -3.494E-07 
 2.067E-07  1.328E-07  1.925E-06  2.483E-07 
 2.118E-07  1.640E-07  1.941E-06 -3.472E-07 
 2.191E-07  1.331E-07  1.926E-06  2.460E-07 
 2.296E-07  1.643E-07  1.941E-06 -3.462E-07 
 2.450E-07  1.332E-07  1.926E-06  2.450E-07 
 2.451E-07  5.901E-05  1.920E-07  6.977E-08 
 2.452E-07  2.362E-05 -9.019E-08 -4.819E-08 
 2.454E-07 -3.633E-04  8.237E-08  4.918E-08 
 2.455E-07 -8.901E-03 -1.900E-07 -3.615E-08 
 2.456E-07  6.496E-03  2.441E-06  3.396E-08 
 2.456E-07  1.112E-01  1.418E-05  4.908E-08 
 2.456E-07  2.756E-01  3.238E-05  5.468E-08 
 2.457E-07  6.396E-01  3.688E-05 -3.690E-08 
 2.457E-07  1.066E+00 -1.931E-04 -9.645E-07 
 2.457E-07  1.400E+00 -7.545E-04 -1.888E-06 
 2.457E-07  1.537E+00 -1.087E-03 -9.416E-08 
 2.457E-07  1.632E+00 -1.991E-03 -6.689E-07 
 2.457E-07  1.647E+00 -2.006E-03  8.654E-07 
 2.458E-07  1.674E+00 -1.897E-03  3.844E-06 
 2.458E-07  1.721E+00 -1.444E-04  8.386E-06 
 2.458E-07  1.740E+00  1.052E-03  3.349E-06 
 2.458E-07  1.769E+00  1.907E-03 -6.233E-06 
 2.458E-07  1.782E+00  1.708E-03 -1.037E-05 
 2.459E-07  1.790E+00  1.159E-03 -7.058E-06 
 2.459E-07  1.795E+00  6.162E-04  7.841E-06 
 2.459E-07  1.797E+00  2.921E-04  7.332E-06 
 2.459E-07  1.799E+00  7.732E-05  7.056E-07 
 2.459E-07  1.799E+00  4.064E-06 -7.037E-07 
 2.460E-07  1.800E+00 -3.208E-05 -8.321E-07 
 2.460E-07  1.800E+00 -3.466E-05 -7.284E-07 
 2.460E-07  1.800E+00 -3.681E-05 -5.672E-07 
 2.460E-07  1.800E+00 -3.591E-05 -4.858E-07 
 2.460E-07  1.800E+00 -3.255E-05 -3.641E-07 
 2.460E-07  1.800E+00 -3.122E-05 -3.254E-07 
 2.460E-07  1.800E+00 -2.646E-05 -2.255E-07 
 2.461E-07  1.800E+00 -1.232E-05 -2.960E-08 
 2.462E-07  1.800E+00 -3.016E-06 -3.757E-09 
 2.463E-07  1.800E+00  4.282E-06  1.411E-08 
 2.464E-07  1.800E+00  4.640E-06 -1.163E-09 
 2.466E-07  1.800E+00  5.100E-06  4.595E-09 
 2.468E-07  1.800E+00  3.900E-06 -3.618E-09 
 2.471E-07  1.800E+00  3.795E-06 -1.130E-09 
 2.475E-07  1.800E+00  2.802E-06 -2.750E-09 
 2.481E-07  1.800E+00  2.611E-06 -1.604E-09 
 2.491E-07  1.800E+00  1.702E-06 -2.687E-09 
 2.504E-07  1.800E+00  1.690E-06 -1.624E-09 
 2.522E-07  1.800E+00  1.001E-06 -2.694E-09 
 2.549E-07  1.800E+00  1.149E-06 -1.611E-09 
 2.588E-07  1.800E+00  5.997E-07 -2.706E-09 
 2.644E-07  1.800E+00  8.516E-07 -1.601E-09 
 2.725E-07  1.800E+00  3.920E-07 -2.714E-09 
 2.842E-07  1.800E+00  7.039E-07 -1.595E-09 
 2.940E-07  1.800E+00  3.056E-07 -2.720E-09 
 2.941E-07  1.800E+00  1.686E-07  5.881E-09 
 2.942E-07  1.800E+00  8.930E-08  9.808E-10 
 2.944E-07  1.800E+00  1.338E-07  5.104E-09 
 2.944E-07  1.800E+00  1.200E-07  3.523E-09 
 2.945E-07  1.801E+00  1.959E-07  3.407E-09 
 2.946E-07  1.812E+00  2.254E-07  3.139E-09 
 2.946E-07  1.822E+00  3.893E-07  3.708E-09 
 2.947E-07  1.830E+00 -8.571E-07  1.035E-09 
 2.947E-07  1.697E+00 -1.382E-05 -1.798E-08 
 2.947E-07  1.474E+00 -3.509E-05 -4.887E-08 
 2.948E-07  1.092E+00 -7.784E-05 -1.238E-07 
 2.948E-07  5.391E-01  3.084E-04  1.640E-06 
 2.948E-07  9.539E-02  1.394E-03  2.469E-06 
 2.948E-07  3.605E-02  1.570E-03 -4.759E-07 
 2.948E-07  1.523E-02  1.285E-03 -2.370E-06 
 2.949E-07  1.265E-02  8.809E-04 -2.036E-06 
 2.949E-07  1.071E-02  2.739E-04 -1.771E-06 
 2.949E-07  9.036E-03 -7.676E-04 -2.273E-06 
 2.949E-07  8.435E-03 -1.735E-03 -3.664E-06 
 2.949E-07  7.784E-03 -1.566E-03 -8.363E-06 
 2.949E-07  6.622E-03 -1.060E-03  4.275E-06 
 2.950E-07  5.248E-03 -6.435E-04  1.344E-05 
 2.950E-07  4.691E-03 -3.802E-04  1.363E-05 
 2.950E-07  4.001E-03 -1.979E-04  6.486E-07 
 2.950E-07  3.815E-03 -1.813E-04 -1.213E-06 
 2.950E-07  3.612E-03 -1.628E-04 -2.642E-06 
 2.950E-07  3.377E-03 -1.466E-04 -3.696E-06 
 2.950E-07  2.728E-03 -1.189E-04 -4.189E-06 
 2.951E-07  1.203E-03 -6.537E-05 -1.903E-06 
 2.951E-07  4.907E-04 -3.315E-05 -1.897E-07 
 2.951E-07  1.356E-04 -1.102E-05  1.473E-07 
 2.952E-07  3.083E-05 -2.128E-06  9.080E-08 
 2.953E-07  5.348E-06 -1.092E-07  9.249E-08 
 2.953E-07 -3.496E-06 -4.725E-08  4.484E-08 
 2.955E-07  1.047E-06  8.406E-08  6.233E-08 
 2.956E-07 -1.175E-06 -3.658E-08  3.129E-08 
 2.959E-07  8.777E-07  5.788E-08  5.669E-08 
 2.963E-07 -8.355E-07 -2.478E-08  3.245E-08 
 2.970E-07  7.352E-07  5.054E-08  5.536E-08 
 2.987E-07 -7.749E-07 -2.167E-08  3.311E-08 
 3.000E-07  6.923E-07  4.826E-08  5.488E-08 
